$version=1
!Num ...Nombre... #Uni Tipo .PotIns .GerMin .GerMax ..Teif. ..Ih... .CVaria .MR. Comb ...G1.. .CEsp.1 ...G2.. .CEsp.2 ...G3.. .CEsp.3 NAdF ...1 ...2 ...3 ComT CTransp StartUp sfal NGas NuCC ..NombreCC.. CoefE.
1001 BARRANQUILL3    1    0     61.      0.      61   29.36    53.8    8.28    0    5    100. 11.4748                                    1 1002              0      0.            0                            1.
1002 BQUILLA3GIM     1    0      60      0.      60   29.36    53.8    6.38    0    2    100. 12.0573                                    0    0    0    0    0      0.            0                            1.
1003 BARRANQUILL4    1    0     58.      0.      58   34.14   62.66    8.28    0    5    100. 11.0052                                    1 1004              0      0.            0                              
1004 BQUILLA4GIM     1    0      60      0.      60   34.14   62.66    6.38    0    2    100. 13.6054                                    0    0    0    0    0      0.            0                              
1068 TEBSAB          1    0    791.      0.     791    3.38    3.68    6.38    0    1    100.  8.2951                                    1 1069              0      0.            0                              
1069 TEBSAGIM        1    0    791.      0.     791    3.38    3.68    6.38    0    2    100.  8.2951                                    0    0    0    0    0      0.            0                              
1036 FLORES 1        1    0    160.      0.     160    8.71   18.39    6.38    0    2    100.  8.4531                                    1 1038              0      0.            0                              
1038 FLORES1GN       1    0    160.      0.     160    8.71   18.39    6.38    0    1    100.  8.4531                                    0    0    0    0    0      0.            0                            1.
2047 FLORES4         1    0    450.      0.     450   11.88   17.02    6.38    0    1    100.  7.9473                                    1 2049              0      0.            0                              
2049 FLORES4GIM      1    0    450.      0.     450   11.88   17.02    6.38    0    2    100.  7.9473                                    0    0    0    0    0      0.            0                              
1005 CARTAGENA1      1    0     56.      0.      56   58.17   81.59    8.28    0    5    100. 12.0837                                    1 1006              0      0.            0                              
1006 CARTAGGAS1      1    0     61.      0.      61   58.17   81.59    6.38    0    1    100. 13.2503                                    0    0    0    0    0      0.            0                              
1007 CARTAGENA2      1    0     62.      0.      62    15.4   56.76    8.28    0    5    100. 11.5167                                    1 1008              0      0.            0                              
1008 CARTAGGAS2      1    0     60.      0.      60    15.4   56.76    6.38    0    1    100.  13.582                                    0    0    0    0    0      0.            0                              
1009 CARTAGENA3      1    0     66.      0.      66   27.15   61.53    8.28    0    5    100. 13.8215                                    1 1010              0      0.            0                              
1010 CARTAGGAS3      1    0     66.      0.      66   27.15   61.53    6.38    0    1    100. 13.2503                                    0    0    0    0    0      0.            0                              
2009 PROELECTRIC1    1    0     45.      0.      45    5.54   12.84    6.38    0    1    100.  9.1333                                    0                   0      0.            0                              
2012 PROELECTRIC2    1    0     45.      0.      45   15.36    41.8    6.38    0    1    100.  9.1331                                    0                   0      0.            0                              
2020 CANDELARIA1     1    0    157.      0.     157       0       0    6.38    0    2    100. 12.0598                                    1 2022              0      0.            0                              
2022 CAND1FO2        1    0    153.      0.     153       0       0    8.28    0    3    100. 10.5277                                    0    0    0    0    0      0.            0                              
2024 CANDELARIA2     1    0    157.      0.     157    0.11    0.11    6.38    0    2    100. 12.0651                                    1 2025              0      0.            0                              
2025 CAND2FO2        1    0    155.      0.     155    0.11    0.11    8.28    0    3    100. 10.4763                                    0    0    0    0    0      0.            0                              
2080 TERMONORTE      1    0     88.      0.      88     20.     20.    8.28    0    3    100.    8.01                                    0                   0      0.            0                              
1030 GUAJIRA1        1    0    143.      0.     143   11.44   16.07   10.17    0    4    100.     9.8                                    1 1031              0      0.            0                              
1031 GUAJ1GAS        1    0    151.      0.     151   11.44   16.07    6.38    0    1    100. 11.2741                                    0    0    0    0    0      0.            0                              
1033 GUAJIRA2        1    0    143.      0.     143   19.49    40.9   10.17    0    4    100.    10.2                                    1 1034              0      0.            0                              
1034 GUAJ2GAS        1    0    145.      0.     145   19.49    40.9    6.38    0    1    100. 11.1594                                    0    0    0    0    0      0.            0                              
2045 TC_GECELCA32    1    0    273.      0.     273     20.     20.   10.17    0    4    100.   8.699                                    0                   0      0.            0                              
2046 TC_GECELCA3     1    0    164.      0.     164   73.99    82.4   10.17    0    4    100.     9.5                                    0                   0      0.            0                              
1046 PAIPA 1         1    0     36.      0.      36    35.8   70.55   10.17    0    4    100. 11.9554                                    0                   0      0.            0                              
1047 PAIPA 2         1    0     72.      0.      72   11.97   15.91   10.17    0    4    100. 10.7918                                    0                   0      0.            0                              
1048 PAIPA 3         1    0     70.      0.      70   15.11   36.13   10.17    0    4    100. 12.2715                                    0                   0      0.            0                              
1093 PAIPA 4         1    0    160.      0.     160    4.05   17.68   10.17    0    4    100.  8.6485                                    0                   0      0.            0                              
1049 TASAJERO 1      1    0    163.      0.     163    2.99   16.34   10.17    0    4    100.  9.1268                                    0                   0      0.            0                              
1050 TASAJERO 2      1    0    170.      0.     170   15.15   24.91   10.17    0    4    100.  9.7214                                    0                   0      0.            0                              
1052 ZIPAEMG2        1    0     35.      0.      35    24.7   33.72   10.17    0    4    100. 11.7207                                    0                   0      0.            0                              
1053 ZIPAEMG3        1    0     63.      0.      63   18.85   40.77   10.17    0    4    100. 12.8203                                    0                   0      0.            0                              
1054 ZIPAEMG4        1    0     64.      0.      64    22.5   51.55   10.17    0    4    100. 13.6509                                    0                   0      0.            0                              
1055 ZIPAEMG5        1    0     63.      0.      63   12.52   46.76   10.17    0    4    100. 12.3226                                    0                   0      0.            0                              
1080 MERILECTRICA    1    0    167.      0.     167   80.55   80.55    6.38    0    1    100. 11.2303                                    0                   0      0.            0                              
1077 TERMOSIERRA     1    0    353.      0.     353    35.2    35.2    8.28    0    3    100.  7.1417                                    1 1079              0      0.            0                              
1079 TSIERRAGAS      1    0    428.      0.     428    35.2    35.2    6.38    0    1    100.  7.5521                                    0    0    0    0    0      0.            0                              
2018 TERMOCENTRO     1    0     279      0.     279    47.1    47.1    6.38    0    1    100.  8.3452                                    0                   0      0.            0                            1.
1074 TERMODORADA1    1    0     45.      0.      45   50.16   50.16    8.28    0    3    100. 10.2553                                    1 1076              0      0.            0                              
1076 TERMODORAGAS    1    0     51.      0.      51   50.16   50.16    6.38    0    1    100. 10.8036                                    0    0    0    0    0      0.            0                              
1090 TERMOVALLE      1    0    200.      0.     200    7.93    7.93    8.28    0    3    100.  6.9421                                    1 1091              0      0.            0                              
1091 TERMOVAGAS      1    0    202.      0.     202    7.93    7.93    6.38    0    1    100.  7.8377                                    0    0    0    0    0      0.            0                              
2015 TERMOEMCALI     1    0    213.      0.     213    7.02    7.02    8.28    0    3    100.  7.4639                                    1 2017              0      0.            0                              
2017 TERMOEMCGAS     1    0    229.      0.     229    7.02    7.02    6.38    0    1    100.  7.8798                                    0    0    0    0    0      0.            0                              
2032 TERMO YOPAL2    1    0     30.      0.      30    2.21   14.68    6.38    1    7    100. 13.8269                                    0                   0      0.            0                              
2044 C_CANDELARIA    1    1    546.      0.    546.     20.     20.    8.45    0    2    100.  7.0123                                    0                   0      0.            0                            1.
2083 PW-CON3         1    1    150.      0.    150.     20.     20.    6.48    0    1    100.   9.312                                    0                   0      0.      0.    0                            1.
2084 TERMO_JAGUEY    1    1    19.4      0.    19.4     20.     20.     8.4    0    5    100.  8.0091                                    0                   0      0.            0                              
2085 TERMORUBIALE    1    1    19.4      0.    19.4     20.     20.     8.4    0    5    100.  8.0091                                    0                   0      0.            0                              
2088 ELTESORITO      1    1    200.      0.    200.     20.     20.    6.48    0    2    100.   9.374                                    0                   0      0.            0                              
2092 TERMOYOPALG3    1    1     50.      0.     50.     20.     20.    6.48    0    7    100.     8.1                                    0                   0      0.            0                              
2093 TERMOYOPALG4    1    1     50.      0.     50.     20.     20.    6.48    0    7    100.     8.1                                    0                   0      0.            0                              
2094 TERMOYOPALG5    1    1     50.      0.     50.     20.     20.    6.48    0    7    100.     8.1                                    0                   0      0.            0                              
2095 TERMOCARIBE1    1    1    150.      0.    150.     20.     20.     8.4    0    8    100.    8.42                                    0                   0      0.            0                              
2096 TERMOCARIBE3    1    1     42.      0.     42.     20.     20.     8.4    0    8    100.    8.42                                    0                   0      0.            0                              
2102 TERMOSOLO1      1    1    148.      0.    148.     20.     20.     8.4    0    8    100.   8.322                                    0                   0      0.            0                            1.
2103 TERMOSOLO2      1    1     80.      0.     80.     20.     20.     8.4    0    8    100.   8.322                                    0                   0      0.            0                            1.
