!BCod ..Bus.Name.. LCod dd/mm/yyyy Llev ..Load.. Icca
    1 Central110      1 01/01/1970    1    83.34    0
    1 Central110      1 01/01/1970    2   108.78    0
    1 Central110      1 01/01/1970    3   104.89    0
    1 Central110      1 01/01/1970    4    51.55    0
    1 Central110      1 01/01/1970    5    47.95    0
    2 Rionegro110     1 01/01/1970    1    39.66    0
    2 Rionegro110     1 01/01/1970    2    35.87    0
    2 Rionegro110     1 01/01/1970    3    36.35    0
    2 Rionegro110     1 01/01/1970    4    34.33    0
    2 Rionegro110     1 01/01/1970    5     31.9    0
    3 Colombia110     1 01/01/1970    1    48.83    0
    3 Colombia110     1 01/01/1970    2    39.44    0
    3 Colombia110     1 01/01/1970    3    38.81    0
    3 Colombia110     1 01/01/1970    4    29.49    0
    3 Colombia110     1 01/01/1970    5    23.08    0
    4 Malena2         1 01/01/1970    1    12.07    0
    4 Malena2         1 01/01/1970    2    10.26    0
    4 Malena2         1 01/01/1970    3     9.17    0
    4 Malena2         1 01/01/1970    4     9.93    0
    4 Malena2         1 01/01/1970    5     9.98    0
    5 Poblado110      1 01/01/1970    1    38.03    0
    5 Poblado110      1 01/01/1970    2    37.22    0
    5 Poblado110      1 01/01/1970    3    34.84    0
    5 Poblado110      1 01/01/1970    4     22.8    0
    5 Poblado110      1 01/01/1970    5    18.78    0
    8 Facatati1       1 01/01/1970    1    23.31    0
    8 Facatati1       1 01/01/1970    2    21.23    0
    8 Facatati1       1 01/01/1970    3    21.01    0
    8 Facatati1       1 01/01/1970    4    14.87    0
    8 Facatati1       1 01/01/1970    5    12.99    0
    9 Laesperaz1      1 01/01/1970    1       0.    0
    9 Laesperaz1      1 01/01/1970    2       0.    0
    9 Laesperaz1      1 01/01/1970    3       0.    0
    9 Laesperaz1      1 01/01/1970    4       0.    0
    9 Laesperaz1      1 01/01/1970    5       0.    0
   10 Pavco1          1 01/01/1970    1     0.51    0
   10 Pavco1          1 01/01/1970    2     0.47    0
   10 Pavco1          1 01/01/1970    3     0.46    0
   10 Pavco1          1 01/01/1970    4     0.47    0
   10 Pavco1          1 01/01/1970    5     0.47    0
   11 Sauces1         1 01/01/1970    1    18.56    0
   11 Sauces1         1 01/01/1970    2     16.9    0
   11 Sauces1         1 01/01/1970    3    16.72    0
   11 Sauces1         1 01/01/1970    4    11.84    0
   11 Sauces1         1 01/01/1970    5    10.34    0
   14 Ubala1          1 01/01/1970    1     1.74    0
   14 Ubala1          1 01/01/1970    2     1.59    0
   14 Ubala1          1 01/01/1970    3     1.57    0
   14 Ubala1          1 01/01/1970    4     1.11    0
   14 Ubala1          1 01/01/1970    5     0.97    0
   15 Villeta1        1 01/01/1970    1    20.75    0
   15 Villeta1        1 01/01/1970    2     18.9    0
   15 Villeta1        1 01/01/1970    3     18.7    0
   15 Villeta1        1 01/01/1970    4    13.24    0
   15 Villeta1        1 01/01/1970    5    11.56    0
   21 Playas2         1 01/01/1970    1     3.27    0
   21 Playas2         1 01/01/1970    2     2.09    0
   21 Playas2         1 01/01/1970    3     1.66    0
   21 Playas2         1 01/01/1970    4     1.24    0
   21 Playas2         1 01/01/1970    5     1.23    0
   25 Oriente2        1 01/01/1970    1    23.25    0
   25 Oriente2        1 01/01/1970    2     16.1    0
   25 Oriente2        1 01/01/1970    3    13.76    0
   25 Oriente2        1 01/01/1970    4     9.25    0
   25 Oriente2        1 01/01/1970    5     9.41    0
   26 AnconEPM110     1 01/01/1970    1    78.99    0
   26 AnconEPM110     1 01/01/1970    2    81.98    0
   26 AnconEPM110     1 01/01/1970    3    80.21    0
   26 AnconEPM110     1 01/01/1970    4      55.    0
   26 AnconEPM110     1 01/01/1970    5    50.11    0
   27 Bolombolo1      1 01/01/1970    1    11.08    0
   27 Bolombolo1      1 01/01/1970    2     7.89    0
   27 Bolombolo1      1 01/01/1970    3     8.26    0
   27 Bolombolo1      1 01/01/1970    4     4.89    0
   27 Bolombolo1      1 01/01/1970    5     4.69    0
   28 Envigado110     1 01/01/1970    1    84.84    0
   28 Envigado110     1 01/01/1970    2    84.99    0
   28 Envigado110     1 01/01/1970    3    84.51    0
   28 Envigado110     1 01/01/1970    4    54.45    0
   28 Envigado110     1 01/01/1970    5    48.23    0
   29 Guayabal110     1 01/01/1970    1    80.59    0
   29 Guayabal110     1 01/01/1970    2    99.66    0
   29 Guayabal110     1 01/01/1970    3    97.07    0
   29 Guayabal110     1 01/01/1970    4    56.19    0
   29 Guayabal110     1 01/01/1970    5    52.24    0
   30 Antioquia1      1 01/01/1970    1     6.04    0
   30 Antioquia1      1 01/01/1970    2     4.98    0
   30 Antioquia1      1 01/01/1970    3     4.92    0
   30 Antioquia1      1 01/01/1970    4     3.86    0
   30 Antioquia1      1 01/01/1970    5     3.41    0
   31 SnJeronimo1     1 01/01/1970    1     5.85    0
   31 SnJeronimo1     1 01/01/1970    2     5.38    0
   31 SnJeronimo1     1 01/01/1970    3     4.01    0
   31 SnJeronimo1     1 01/01/1970    4     3.96    0
   31 SnJeronimo1     1 01/01/1970    5     2.94    0
   32 ElSiete110      1 01/01/1970    1     0.32    0
   32 ElSiete110      1 01/01/1970    2     0.79    0
   32 ElSiete110      1 01/01/1970    3     0.63    0
   32 ElSiete110      1 01/01/1970    4     0.59    0
   32 ElSiete110      1 01/01/1970    5      0.4    0
   33 Cabañas110      1 01/01/1970    1      3.6    0
   33 Cabañas110      1 01/01/1970    2     2.77    0
   33 Cabañas110      1 01/01/1970    3     2.61    0
   33 Cabañas110      1 01/01/1970    4     2.05    0
   33 Cabañas110      1 01/01/1970    5     1.54    0
   34 Castilla110     1 01/01/1970    1    42.51    0
   34 Castilla110     1 01/01/1970    2    35.08    0
   34 Castilla110     1 01/01/1970    3    32.28    0
   34 Castilla110     1 01/01/1970    4    26.47    0
   34 Castilla110     1 01/01/1970    5    20.02    0
   35 Caucheras1      1 01/01/1970    1     1.94    0
   35 Caucheras1      1 01/01/1970    2     1.25    0
   35 Caucheras1      1 01/01/1970    3     1.26    0
   35 Caucheras1      1 01/01/1970    4     1.13    0
   35 Caucheras1      1 01/01/1970    5     1.17    0
   36 Chorodo110      1 01/01/1970    1     5.94    0
   36 Chorodo110      1 01/01/1970    2     4.15    0
   36 Chorodo110      1 01/01/1970    3     4.31    0
   36 Chorodo110      1 01/01/1970    4     3.01    0
   36 Chorodo110      1 01/01/1970    5     2.69    0
   37 Rodeo110        1 01/01/1970    1    22.45    0
   37 Rodeo110        1 01/01/1970    2    24.89    0
   37 Rodeo110        1 01/01/1970    3    24.77    0
   37 Rodeo110        1 01/01/1970    4    15.28    0
   37 Rodeo110        1 01/01/1970    5    13.16    0
   38 Itagui110       1 01/01/1970    1     23.6    0
   38 Itagui110       1 01/01/1970    2    24.22    0
   38 Itagui110       1 01/01/1970    3    19.98    0
   38 Itagui110       1 01/01/1970    4    17.76    0
   38 Itagui110       1 01/01/1970    5    15.33    0
   39 Laceja110       1 01/01/1970    1    12.06    0
   39 Laceja110       1 01/01/1970    2     7.12    0
   39 Laceja110       1 01/01/1970    3     7.38    0
   39 Laceja110       1 01/01/1970    4     3.76    0
   39 Laceja110       1 01/01/1970    5     1.64    0
   40 Oriente110      1 01/01/1970    1    60.67    0
   40 Oriente110      1 01/01/1970    2    53.74    0
   40 Oriente110      1 01/01/1970    3    53.76    0
   40 Oriente110      1 01/01/1970    4    41.72    0
   40 Oriente110      1 01/01/1970    5    39.08    0
   41 PBlancas110     1 01/01/1970    1    32.92    0
   41 PBlancas110     1 01/01/1970    2     25.3    0
   41 PBlancas110     1 01/01/1970    3    23.61    0
   41 PBlancas110     1 01/01/1970    4    19.43    0
   41 PBlancas110     1 01/01/1970    5    13.73    0
   42 VllaHermosa1    1 01/01/1970    1    20.06    0
   42 VllaHermosa1    1 01/01/1970    2    22.15    0
   42 VllaHermosa1    1 01/01/1970    3    21.08    0
   42 VllaHermosa1    1 01/01/1970    4    12.11    0
   42 VllaHermosa1    1 01/01/1970    5     9.84    0
   44 Vasconia110   501 01/01/1970    1    16.48    0
   44 Vasconia110   501 01/01/1970    2    16.48    0
   44 Vasconia110   501 01/01/1970    3    16.48    0
   44 Vasconia110   501 01/01/1970    4    16.48    0
   44 Vasconia110   501 01/01/1970    5    16.48    0
   46 Cordova110      1 01/01/1970    1     11.7    0
   46 Cordova110      1 01/01/1970    2    10.68    0
   46 Cordova110      1 01/01/1970    3     10.5    0
   46 Cordova110      1 01/01/1970    4     9.53    0
   46 Cordova110      1 01/01/1970    5     11.7    0
   47 Envigado2       1 01/01/1970    1     9.48    0
   47 Envigado2       1 01/01/1970    2    11.15    0
   47 Envigado2       1 01/01/1970    3     6.73    0
   47 Envigado2       1 01/01/1970    4     6.27    0
   47 Envigado2       1 01/01/1970    5     3.42    0
   48 Miraflores1     1 01/01/1970    1    27.47    0
   48 Miraflores1     1 01/01/1970    2    20.65    0
   48 Miraflores1     1 01/01/1970    3     19.7    0
   48 Miraflores1     1 01/01/1970    4    16.72    0
   48 Miraflores1     1 01/01/1970    5    12.62    0
   64 ElSalto2        1 01/01/1970    1    18.29    0
   64 ElSalto2        1 01/01/1970    2    15.76    0
   64 ElSalto2        1 01/01/1970    3    16.24    0
   64 ElSalto2        1 01/01/1970    4    10.75    0
   64 ElSalto2        1 01/01/1970    5    11.43    0
   75 Barbosa110      1 01/01/1970    1    28.52    0
   75 Barbosa110      1 01/01/1970    2     28.7    0
   75 Barbosa110      1 01/01/1970    3    29.55    0
   75 Barbosa110      1 01/01/1970    4    24.89    0
   75 Barbosa110      1 01/01/1970    5     25.3    0
   76 BelenEPM110     1 01/01/1970    1    57.24    0
   76 BelenEPM110     1 01/01/1970    2    51.81    0
   76 BelenEPM110     1 01/01/1970    3    48.74    0
   76 BelenEPM110     1 01/01/1970    4    34.44    0
   76 BelenEPM110     1 01/01/1970    5    26.88    0
   77 Bello110        1 01/01/1970    1    52.61    0
   77 Bello110        1 01/01/1970    2    47.63    0
   77 Bello110        1 01/01/1970    3    47.25    0
   77 Bello110        1 01/01/1970    4    32.18    0
   77 Bello110        1 01/01/1970    5     27.7    0
   78 Cocorna110      1 01/01/1970    1      5.3    0
   78 Cocorna110      1 01/01/1970    2     4.87    0
   78 Cocorna110      1 01/01/1970    3     4.78    0
   78 Cocorna110      1 01/01/1970    4     3.59    0
   78 Cocorna110      1 01/01/1970    5     3.77    0
   79 Girardota1      1 01/01/1970    1    33.85    0
   79 Girardota1      1 01/01/1970    2    33.28    0
   79 Girardota1      1 01/01/1970    3    33.59    0
   79 Girardota1      1 01/01/1970    4    27.79    0
   79 Girardota1      1 01/01/1970    5    27.08    0
   80 Horizonte1      1 01/01/1970    1    27.76    0
   80 Horizonte1      1 01/01/1970    2    23.74    0
   80 Horizonte1      1 01/01/1970    3    21.68    0
   80 Horizonte1      1 01/01/1970    4    17.81    0
   80 Horizonte1      1 01/01/1970    5    13.39    0
   81 PtoBoyaca1      1 01/01/1970    1     10.1    0
   81 PtoBoyaca1      1 01/01/1970    2     8.59    0
   81 PtoBoyaca1      1 01/01/1970    3     7.89    0
   81 PtoBoyaca1      1 01/01/1970    4     9.15    0
   81 PtoBoyaca1      1 01/01/1970    5     8.69    0
   82 PtoNare110      1 01/01/1970    1     4.63    0
   82 PtoNare110      1 01/01/1970    2     3.57    0
   82 PtoNare110      1 01/01/1970    3     3.52    0
   82 PtoNare110      1 01/01/1970    4     3.02    0
   82 PtoNare110      1 01/01/1970    5     2.76    0
   83 Riogrande1      1 01/01/1970    1    15.57    0
   83 Riogrande1      1 01/01/1970    2    12.96    0
   83 Riogrande1      1 01/01/1970    3    16.78    0
   83 Riogrande1      1 01/01/1970    4       8.    0
   83 Riogrande1      1 01/01/1970    5     8.34    0
   84 SnDiego110      1 01/01/1970    1    50.09    0
   84 SnDiego110      1 01/01/1970    2     68.8    0
   84 SnDiego110      1 01/01/1970    3    65.48    0
   84 SnDiego110      1 01/01/1970    4      26.    0
   84 SnDiego110      1 01/01/1970    5    24.54    0
   85 Yarumal110      1 01/01/1970    1    16.08    0
   85 Yarumal110      1 01/01/1970    2    11.57    0
   85 Yarumal110      1 01/01/1970    3    13.89    0
   85 Yarumal110      1 01/01/1970    4     6.99    0
   85 Yarumal110      1 01/01/1970    5     6.25    0
   86 Zamora110       1 01/01/1970    1    61.48    0
   86 Zamora110       1 01/01/1970    2    50.43    0
   86 Zamora110       1 01/01/1970    3    47.25    0
   86 Zamora110       1 01/01/1970    4    38.36    0
   86 Zamora110       1 01/01/1970    5    28.17    0
  101 Guatape110      1 01/01/1970    1     1.14    0
  101 Guatape110      1 01/01/1970    2     0.73    0
  101 Guatape110      1 01/01/1970    3     0.92    0
  101 Guatape110      1 01/01/1970    4     0.37    0
  101 Guatape110      1 01/01/1970    5     0.08    0
  103 Hispania110     1 01/01/1970    1    10.78    0
  103 Hispania110     1 01/01/1970    2     7.38    0
  103 Hispania110     1 01/01/1970    3     7.82    0
  103 Hispania110     1 01/01/1970    4     4.51    0
  103 Hispania110     1 01/01/1970    5     4.24    0
  110 Porce110        1 01/01/1970    1     3.43    0
  110 Porce110        1 01/01/1970    2     2.07    0
  110 Porce110        1 01/01/1970    3     2.34    0
  110 Porce110        1 01/01/1970    4     0.91    0
  110 Porce110        1 01/01/1970    5     0.59    0
  111 PtoInmarco1     1 01/01/1970    1     3.14    0
  111 PtoInmarco1     1 01/01/1970    2     3.27    0
  111 PtoInmarco1     1 01/01/1970    3     3.73    0
  111 PtoInmarco1     1 01/01/1970    4     4.71    0
  111 PtoInmarco1     1 01/01/1970    5      4.9    0
  112 RioClaro110     1 01/01/1970    1    24.42    0
  112 RioClaro110     1 01/01/1970    2    18.57    0
  112 RioClaro110     1 01/01/1970    3    19.48    0
  112 RioClaro110     1 01/01/1970    4    19.48    0
  112 RioClaro110     1 01/01/1970    5    21.23    0
  117 Texas110        1 01/01/1970    1     2.27    0
  117 Texas110        1 01/01/1970    2     1.99    0
  117 Texas110        1 01/01/1970    3     1.73    0
  117 Texas110        1 01/01/1970    4     1.84    0
  117 Texas110        1 01/01/1970    5     2.05    0
  118 Tigre110        1 01/01/1970    1    12.96    0
  118 Tigre110        1 01/01/1970    2     9.04    0
  118 Tigre110        1 01/01/1970    3     6.06    0
  118 Tigre110        1 01/01/1970    4      4.2    0
  118 Tigre110        1 01/01/1970    5     3.58    0
  135 Amaga110        1 01/01/1970    1    15.68    0
  135 Amaga110        1 01/01/1970    2    12.61    0
  135 Amaga110        1 01/01/1970    3    13.06    0
  135 Amaga110        1 01/01/1970    4     8.57    0
  135 Amaga110        1 01/01/1970    5     8.19    0
  140 Oasis110        1 01/01/1970    1    45.54    0
  140 Oasis110        1 01/01/1970    2    59.52    0
  140 Oasis110        1 01/01/1970    3    63.34    0
  140 Oasis110        1 01/01/1970    4    36.05    0
  140 Oasis110        1 01/01/1970    5    31.98    0
  146 NvBarranqui2    1 01/01/1970    1    11.22    0
  146 NvBarranqui2    1 01/01/1970    2    11.65    0
  146 NvBarranqui2    1 01/01/1970    3    14.46    0
  146 NvBarranqui2    1 01/01/1970    4    11.58    0
  146 NvBarranqui2    1 01/01/1970    5    14.35    0
  147 Sabanalarga2    1 01/01/1970    1    53.66    0
  147 Sabanalarga2    1 01/01/1970    2    46.02    0
  147 Sabanalarga2    1 01/01/1970    3    42.23    0
  147 Sabanalarga2    1 01/01/1970    4    51.12    0
  147 Sabanalarga2    1 01/01/1970    5     46.6    0
  153 Malambo110      1 01/01/1970    1    48.27    0
  153 Malambo110      1 01/01/1970    2    44.25    0
  153 Malambo110      1 01/01/1970    3    41.67    0
  153 Malambo110      1 01/01/1970    4    46.61    0
  153 Malambo110      1 01/01/1970    5    41.73    0
  157 Tebsa110        1 01/01/1970    1    10.59    0
  157 Tebsa110        1 01/01/1970    2    10.21    0
  157 Tebsa110        1 01/01/1970    3     8.87    0
  157 Tebsa110        1 01/01/1970    4     8.83    0
  157 Tebsa110        1 01/01/1970    5     7.57    0
  159 VeinteJulio1  501 01/01/1970    1    43.77    0
  159 VeinteJulio1  501 01/01/1970    2    43.77    0
  159 VeinteJulio1  501 01/01/1970    3    43.77    0
  159 VeinteJulio1  501 01/01/1970    4    43.77    0
  159 VeinteJulio1  501 01/01/1970    5    43.77    0
  163 Centro110       1 01/01/1970    1    53.04    0
  163 Centro110       1 01/01/1970    2    60.76    0
  163 Centro110       1 01/01/1970    3    56.97    0
  163 Centro110       1 01/01/1970    4    46.57    0
  163 Centro110       1 01/01/1970    5     39.6    0
  164 Cordialidad1    1 01/01/1970    1    45.82    0
  164 Cordialidad1    1 01/01/1970    2    38.28    0
  164 Cordialidad1    1 01/01/1970    3    36.15    0
  164 Cordialidad1    1 01/01/1970    4    42.35    0
  164 Cordialidad1    1 01/01/1970    5    36.86    0
  167 NvBaranoa1      1 01/01/1970    1    12.39    0
  167 NvBaranoa1      1 01/01/1970    2     9.64    0
  167 NvBaranoa1      1 01/01/1970    3      8.9    0
  167 NvBaranoa1      1 01/01/1970    4    11.23    0
  167 NvBaranoa1      1 01/01/1970    5    10.09    0
  170 SalaminaEC1     1 01/01/1970    1     15.5    0
  170 SalaminaEC1     1 01/01/1970    2     11.8    0
  170 SalaminaEC1     1 01/01/1970    3     10.7    0
  170 SalaminaEC1     1 01/01/1970    4    13.99    0
  170 SalaminaEC1     1 01/01/1970    5    13.16    0
  173 Magdalena3      1 01/01/1970    1    21.81    0
  173 Magdalena3      1 01/01/1970    2    20.62    0
  173 Magdalena3      1 01/01/1970    3    18.94    0
  173 Magdalena3      1 01/01/1970    4    21.43    0
  173 Magdalena3      1 01/01/1970    5    18.75    0
  174 Union3          1 01/01/1970    1    56.12    0
  174 Union3          1 01/01/1970    2    52.37    0
  174 Union3          1 01/01/1970    3    48.29    0
  174 Union3          1 01/01/1970    4    55.74    0
  174 Union3          1 01/01/1970    5    48.32    0
  178 LasFlores3      1 01/01/1970    1    73.89    0
  178 LasFlores3      1 01/01/1970    2    86.58    0
  178 LasFlores3      1 01/01/1970    3     84.4    0
  178 LasFlores3      1 01/01/1970    4    68.78    0
  178 LasFlores3      1 01/01/1970    5    64.69    0
  179 Silencio3       1 01/01/1970    1     84.1    0
  179 Silencio3       1 01/01/1970    2    83.87    0
  179 Silencio3       1 01/01/1970    3    78.95    0
  179 Silencio3       1 01/01/1970    4    78.14    0
  179 Silencio3       1 01/01/1970    5    67.29    0
  186 Riomar3         1 01/01/1970    1    56.34    0
  186 Riomar3         1 01/01/1970    2    61.14    0
  186 Riomar3         1 01/01/1970    3    57.28    0
  186 Riomar3         1 01/01/1970    4    48.69    0
  186 Riomar3         1 01/01/1970    5    41.22    0
  194 TriplexPiza3    1 01/01/1970    1     1.67    0
  194 TriplexPiza3    1 01/01/1970    2     1.34    0
  194 TriplexPiza3    1 01/01/1970    3     1.62    0
  194 TriplexPiza3    1 01/01/1970    4     0.88    0
  194 TriplexPiza3    1 01/01/1970    5     0.61    0
  196 SaintGobain3    1 01/01/1970    1     2.58    0
  196 SaintGobain3    1 01/01/1970    2     2.77    0
  196 SaintGobain3    1 01/01/1970    3     2.46    0
  196 SaintGobain3    1 01/01/1970    4     1.46    0
  196 SaintGobain3    1 01/01/1970    5     1.75    0
  203 Neiva115        1 01/01/1970    1    49.69    0
  203 Neiva115        1 01/01/1970    2    53.05    0
  203 Neiva115        1 01/01/1970    3    51.81    0
  203 Neiva115        1 01/01/1970    4    41.49    0
  203 Neiva115        1 01/01/1970    5    33.59    0
  205 Seboruco115     1 01/01/1970    1     9.08    0
  205 Seboruco115     1 01/01/1970    2     8.97    0
  205 Seboruco115     1 01/01/1970    3     6.77    0
  205 Seboruco115     1 01/01/1970    4     5.65    0
  205 Seboruco115     1 01/01/1970    5     4.68    0
  206 Sur115          1 01/01/1970    1     22.1    0
  206 Sur115          1 01/01/1970    2     20.2    0
  206 Sur115          1 01/01/1970    3    18.08    0
  206 Sur115          1 01/01/1970    4    16.54    0
  206 Sur115          1 01/01/1970    5    12.67    0
  210 Betania115      1 01/01/1970    1       0.    0
  210 Betania115      1 01/01/1970    2       0.    0
  210 Betania115      1 01/01/1970    3       0.    0
  210 Betania115      1 01/01/1970    4       0.    0
  210 Betania115      1 01/01/1970    5       0.    0
  212 Altamira115     1 01/01/1970    1    19.99    0
  212 Altamira115     1 01/01/1970    2    15.69    0
  212 Altamira115     1 01/01/1970    3    16.33    0
  212 Altamira115     1 01/01/1970    4    10.91    0
  212 Altamira115     1 01/01/1970    5      9.8    0
  213 Florencia1      1 01/01/1970    1    29.55    0
  213 Florencia1      1 01/01/1970    2    25.61    0
  213 Florencia1      1 01/01/1970    3    18.72    0
  213 Florencia1      1 01/01/1970    4     12.8    0
  213 Florencia1      1 01/01/1970    5    11.82    0
  214 Pitalito115     1 01/01/1970    1    12.36    0
  214 Pitalito115     1 01/01/1970    2    11.45    0
  214 Pitalito115     1 01/01/1970    3    12.71    0
  214 Pitalito115     1 01/01/1970    4     7.14    0
  214 Pitalito115     1 01/01/1970    5      6.4    0
  222 Tenay115        1 01/01/1970    1     4.22    0
  222 Tenay115        1 01/01/1970    2     5.84    0
  222 Tenay115        1 01/01/1970    3     5.62    0
  222 Tenay115        1 01/01/1970    4     5.55    0
  222 Tenay115        1 01/01/1970    5     7.69    0
  223 Ocoa115         1 01/01/1970    1     46.9    0
  223 Ocoa115         1 01/01/1970    2    42.71    0
  223 Ocoa115         1 01/01/1970    3    42.27    0
  223 Ocoa115         1 01/01/1970    4    29.92    0
  223 Ocoa115         1 01/01/1970    5    26.13    0
  225 Vllavicenci1    1 01/01/1970    1    10.22    0
  225 Vllavicenci1    1 01/01/1970    2     9.31    0
  225 Vllavicenci1    1 01/01/1970    3     9.21    0
  225 Vllavicenci1    1 01/01/1970    4     6.52    0
  225 Vllavicenci1    1 01/01/1970    5     5.69    0
  226 Barzal115       1 01/01/1970    1    66.08    0
  226 Barzal115       1 01/01/1970    2    60.17    0
  226 Barzal115       1 01/01/1970    3    59.55    0
  226 Barzal115       1 01/01/1970    4    42.16    0
  226 Barzal115       1 01/01/1970    5    36.81    0
  227 Granada115      1 01/01/1970    1    25.91    0
  227 Granada115      1 01/01/1970    2    23.59    0
  227 Granada115      1 01/01/1970    3    23.35    0
  227 Granada115      1 01/01/1970    4    16.53    0
  227 Granada115      1 01/01/1970    5    14.43    0
  228 PuertoLopez1    1 01/01/1970    1     5.91    0
  228 PuertoLopez1    1 01/01/1970    2     5.38    0
  228 PuertoLopez1    1 01/01/1970    3     5.33    0
  228 PuertoLopez1    1 01/01/1970    4     3.77    0
  228 PuertoLopez1    1 01/01/1970    5     3.29    0
  229 Suria115        1 01/01/1970    1    19.69    0
  229 Suria115        1 01/01/1970    2    17.93    0
  229 Suria115        1 01/01/1970    3    17.75    0
  229 Suria115        1 01/01/1970    4    12.56    0
  229 Suria115        1 01/01/1970    5    10.97    0
  233 NtpSJG1         1 01/01/1970    1     8.04    0
  233 NtpSJG1         1 01/01/1970    2     7.32    0
  233 NtpSJG1         1 01/01/1970    3     7.24    0
  233 NtpSJG1         1 01/01/1970    4     5.13    0
  233 NtpSJG1         1 01/01/1970    5     4.48    0
  236 Belen115        1 01/01/1970    1    32.94    0
  236 Belen115        1 01/01/1970    2    35.16    0
  236 Belen115        1 01/01/1970    3    44.48    0
  236 Belen115        1 01/01/1970    4     50.6    0
  236 Belen115        1 01/01/1970    5    61.33    0
  243 Paipa115        1 01/01/1970    1     4.98    0
  243 Paipa115        1 01/01/1970    2     3.74    0
  243 Paipa115        1 01/01/1970    3     4.43    0
  243 Paipa115        1 01/01/1970    4     3.29    0
  243 Paipa115        1 01/01/1970    5     2.71    0
  250 CiraInfanta2  501 01/01/1970    1    59.32    0
  250 CiraInfanta2  501 01/01/1970    2    59.32    0
  250 CiraInfanta2  501 01/01/1970    3    59.32    0
  250 CiraInfanta2  501 01/01/1970    4    59.32    0
  250 CiraInfanta2  501 01/01/1970    5    59.32    0
  252 NtpApa1       501 01/01/1970    1    35.42    0
  252 NtpApa1       501 01/01/1970    2    35.42    0
  252 NtpApa1       501 01/01/1970    3    35.42    0
  252 NtpApa1       501 01/01/1970    4    35.42    0
  252 NtpApa1       501 01/01/1970    5    35.42    0
  253 Holcim115     501 01/01/1970    1    17.65    0
  253 Holcim115     501 01/01/1970    2    17.65    0
  253 Holcim115     501 01/01/1970    3    17.65    0
  253 Holcim115     501 01/01/1970    4    17.65    0
  253 Holcim115     501 01/01/1970    5    17.65    0
  254 SnAntonio1      1 01/01/1970    1     9.97    0
  254 SnAntonio1      1 01/01/1970    2     9.04    0
  254 SnAntonio1      1 01/01/1970    3    10.38    0
  254 SnAntonio1      1 01/01/1970    4     7.23    0
  254 SnAntonio1      1 01/01/1970    5       7.    0
  255 Barbosa115      1 01/01/1970    1    23.85    0
  255 Barbosa115      1 01/01/1970    2    17.79    0
  255 Barbosa115      1 01/01/1970    3     17.1    0
  255 Barbosa115      1 01/01/1970    4    16.26    0
  255 Barbosa115      1 01/01/1970    5    13.81    0
  256 Chiquinquir1    1 01/01/1970    1     9.84    0
  256 Chiquinquir1    1 01/01/1970    2     7.15    0
  256 Chiquinquir1    1 01/01/1970    3     7.01    0
  256 Chiquinquir1    1 01/01/1970    4     6.11    0
  256 Chiquinquir1    1 01/01/1970    5     4.78    0
  257 Barranca115     1 01/01/1970    1    30.16    0
  257 Barranca115     1 01/01/1970    2    24.68    0
  257 Barranca115     1 01/01/1970    3    21.42    0
  257 Barranca115     1 01/01/1970    4    24.66    0
  257 Barranca115     1 01/01/1970    5    21.46    0
  258 Palenque115     1 01/01/1970    1    70.49    0
  258 Palenque115     1 01/01/1970    2     73.9    0
  258 Palenque115     1 01/01/1970    3    75.03    0
  258 Palenque115     1 01/01/1970    4    43.71    0
  258 Palenque115     1 01/01/1970    5     40.2    0
  259 Bavaria115      1 01/01/1970    1     2.26    0
  259 Bavaria115      1 01/01/1970    2     2.06    0
  259 Bavaria115      1 01/01/1970    3     1.79    0
  259 Bavaria115      1 01/01/1970    4     2.22    0
  259 Bavaria115      1 01/01/1970    5       1.    0
  260 Bmanga115       1 01/01/1970    1      30.    0
  260 Bmanga115       1 01/01/1970    2    28.45    0
  260 Bmanga115       1 01/01/1970    3      27.    0
  260 Bmanga115       1 01/01/1970    4    19.26    0
  260 Bmanga115       1 01/01/1970    5    17.02    0
  261 NtpCPR1         1 01/01/1970    1     7.23    0
  261 NtpCPR1         1 01/01/1970    2     7.99    0
  261 NtpCPR1         1 01/01/1970    3     6.19    0
  261 NtpCPR1         1 01/01/1970    4      1.1    0
  261 NtpCPR1         1 01/01/1970    5     8.65    0
  262 Tunja115        1 01/01/1970    1     44.9    0
  262 Tunja115        1 01/01/1970    2    37.33    0
  262 Tunja115        1 01/01/1970    3    37.91    0
  262 Tunja115        1 01/01/1970    4     29.9    0
  262 Tunja115        1 01/01/1970    5    24.82    0
  263 Lizama115       1 01/01/1970    1     5.76    0
  263 Lizama115       1 01/01/1970    2     5.52    0
  263 Lizama115       1 01/01/1970    3     5.02    0
  263 Lizama115       1 01/01/1970    4     3.99    0
  263 Lizama115       1 01/01/1970    5     3.87    0
  264 SnSilvestre1    1 01/01/1970    1    38.93    0
  264 SnSilvestre1    1 01/01/1970    2    36.94    0
  264 SnSilvestre1    1 01/01/1970    3    31.76    0
  264 SnSilvestre1    1 01/01/1970    4    40.54    0
  264 SnSilvestre1    1 01/01/1970    5    26.55    0
  265 Ayacucho115     1 01/01/1970    1     6.14    0
  265 Ayacucho115     1 01/01/1970    2     5.05    0
  265 Ayacucho115     1 01/01/1970    3     4.97    0
  265 Ayacucho115     1 01/01/1970    4     5.72    0
  265 Ayacucho115     1 01/01/1970    5     5.67    0
  266 Convencion1     1 01/01/1970    1     4.51    0
  266 Convencion1     1 01/01/1970    2     2.33    0
  266 Convencion1     1 01/01/1970    3     2.41    0
  266 Convencion1     1 01/01/1970    4     1.87    0
  266 Convencion1     1 01/01/1970    5      1.7    0
  267 Ocaña115        1 01/01/1970    1    14.75    0
  267 Ocaña115        1 01/01/1970    2    10.25    0
  267 Ocaña115        1 01/01/1970    3    10.82    0
  267 Ocaña115        1 01/01/1970    4     7.78    0
  267 Ocaña115        1 01/01/1970    5     6.34    0
  268 Insula115       1 01/01/1970    1    93.87    0
  268 Insula115       1 01/01/1970    2    90.87    0
  268 Insula115       1 01/01/1970    3    89.39    0
  268 Insula115       1 01/01/1970    4    73.41    0
  268 Insula115       1 01/01/1970    5    64.64    0
  269 Diaco115      501 01/01/1970    1    25.17    0
  269 Diaco115      501 01/01/1970    2    25.17    0
  269 Diaco115      501 01/01/1970    3    25.17    0
  269 Diaco115      501 01/01/1970    4    25.17    0
  269 Diaco115      501 01/01/1970    5    25.17    0
  270 Duitama115      1 01/01/1970    1    18.77    0
  270 Duitama115      1 01/01/1970    2     15.9    0
  270 Duitama115      1 01/01/1970    3    16.75    0
  270 Duitama115      1 01/01/1970    4    13.03    0
  270 Duitama115      1 01/01/1970    5    11.87    0
  271 FloridaESSA1    1 01/01/1970    1    45.01    0
  271 FloridaESSA1    1 01/01/1970    2    39.97    0
  271 FloridaESSA1    1 01/01/1970    3    34.44    0
  271 FloridaESSA1    1 01/01/1970    4    34.87    0
  271 FloridaESSA1    1 01/01/1970    5    25.88    0
  272 SnMateo115      1 01/01/1970    1    68.72    0
  272 SnMateo115      1 01/01/1970    2    67.06    0
  272 SnMateo115      1 01/01/1970    3    66.04    0
  272 SnMateo115      1 01/01/1970    4    57.41    0
  272 SnMateo115      1 01/01/1970    5    49.02    0
  273 Aguachica1      1 01/01/1970    1    14.67    0
  273 Aguachica1      1 01/01/1970    2    11.94    0
  273 Aguachica1      1 01/01/1970    3    11.46    0
  273 Aguachica1      1 01/01/1970    4    12.45    0
  273 Aguachica1      1 01/01/1970    5    11.38    0
  274 Palos115        1 01/01/1970    1    40.22    0
  274 Palos115        1 01/01/1970    2    38.45    0
  274 Palos115        1 01/01/1970    3    36.15    0
  274 Palos115        1 01/01/1970    4      28.    0
  274 Palos115        1 01/01/1970    5    25.89    0
  276 SanGil115       1 01/01/1970    1    26.79    0
  276 SanGil115       1 01/01/1970    2    19.76    0
  276 SanGil115       1 01/01/1970    3    18.95    0
  276 SanGil115       1 01/01/1970    4    14.19    0
  276 SanGil115       1 01/01/1970    5    12.32    0
  277 Boavita115      1 01/01/1970    1     3.98    0
  277 Boavita115      1 01/01/1970    2     2.73    0
  277 Boavita115      1 01/01/1970    3     2.75    0
  277 Boavita115      1 01/01/1970    4     2.41    0
  277 Boavita115      1 01/01/1970    5     2.06    0
  278 Ramada115       1 01/01/1970    1    19.55    0
  278 Ramada115       1 01/01/1970    2    13.99    0
  278 Ramada115       1 01/01/1970    3    15.51    0
  278 Ramada115       1 01/01/1970    4    10.43    0
  278 Ramada115       1 01/01/1970    5     8.89    0
  279 Yopal115        1 01/01/1970    1    36.21    0
  279 Yopal115        1 01/01/1970    2    33.96    0
  279 Yopal115        1 01/01/1970    3    32.23    0
  279 Yopal115        1 01/01/1970    4    27.13    0
  279 Yopal115        1 01/01/1970    5    22.68    0
  280 Sidenal115      1 01/01/1970    1    18.84    0
  280 Sidenal115      1 01/01/1970    2    16.23    0
  280 Sidenal115      1 01/01/1970    3    16.09    0
  280 Sidenal115      1 01/01/1970    4    20.49    0
  280 Sidenal115      1 01/01/1970    5    17.04    0
  281 PazdeAripor1    1 01/01/1970    1     6.35    0
  281 PazdeAripor1    1 01/01/1970    2     4.24    0
  281 PazdeAripor1    1 01/01/1970    3     4.66    0
  281 PazdeAripor1    1 01/01/1970    4      4.5    0
  281 PazdeAripor1    1 01/01/1970    5     3.56    0
  284 CLimon2       501 01/01/1970    1    79.54    0
  284 CLimon2       501 01/01/1970    2    79.54    0
  284 CLimon2       501 01/01/1970    3    79.54    0
  284 CLimon2       501 01/01/1970    4    79.54    0
  284 CLimon2       501 01/01/1970    5    79.54    0
  301 Realminas1      1 01/01/1970    1     57.4    0
  301 Realminas1      1 01/01/1970    2    60.19    0
  301 Realminas1      1 01/01/1970    3    55.89    0
  301 Realminas1      1 01/01/1970    4    34.93    0
  301 Realminas1      1 01/01/1970    5    29.78    0
  302 SabanadeTor1    1 01/01/1970    1      9.1    0
  302 SabanadeTor1    1 01/01/1970    2     7.59    0
  302 SabanadeTor1    1 01/01/1970    3     6.72    0
  302 SabanadeTor1    1 01/01/1970    4     7.41    0
  302 SabanadeTor1    1 01/01/1970    5     6.76    0
  303 SnAlberto1      1 01/01/1970    1    10.75    0
  303 SnAlberto1      1 01/01/1970    2    10.31    0
  303 SnAlberto1      1 01/01/1970    3     9.05    0
  303 SnAlberto1      1 01/01/1970    4    10.38    0
  303 SnAlberto1      1 01/01/1970    5     8.55    0
  310 Banadia2        1 01/01/1970    1    12.06    0
  310 Banadia2        1 01/01/1970    2     7.71    0
  310 Banadia2        1 01/01/1970    3     6.27    0
  310 Banadia2        1 01/01/1970    4      5.3    0
  310 Banadia2        1 01/01/1970    5     5.18    0
  314 Cimitarra1      1 01/01/1970    1     8.89    0
  314 Cimitarra1      1 01/01/1970    2     7.14    0
  314 Cimitarra1      1 01/01/1970    3     6.47    0
  314 Cimitarra1      1 01/01/1970    4     6.56    0
  314 Cimitarra1      1 01/01/1970    5     6.18    0
  318 Samore2         1 01/01/1970    1     0.62    0
  318 Samore2         1 01/01/1970    2     0.35    0
  318 Samore2         1 01/01/1970    3     0.31    0
  318 Samore2         1 01/01/1970    4     0.25    0
  318 Samore2         1 01/01/1970    5     0.25    0
  319 Tibu115         1 01/01/1970    1     7.34    0
  319 Tibu115         1 01/01/1970    2     6.48    0
  319 Tibu115         1 01/01/1970    3     6.15    0
  319 Tibu115         1 01/01/1970    4      6.7    0
  319 Tibu115         1 01/01/1970    5      6.4    0
  320 Toledo2         1 01/01/1970    1    12.09    0
  320 Toledo2         1 01/01/1970    2     7.85    0
  320 Toledo2         1 01/01/1970    3     7.91    0
  320 Toledo2         1 01/01/1970    4     6.47    0
  320 Toledo2         1 01/01/1970    5     5.58    0
  321 Zulia115        1 01/01/1970    1     3.48    0
  321 Zulia115        1 01/01/1970    2     2.59    0
  321 Zulia115        1 01/01/1970    3     2.32    0
  321 Zulia115        1 01/01/1970    4     3.11    0
  321 Zulia115        1 01/01/1970    5     2.87    0
  331 Guaca2          1 01/01/1970    1    25.42    0
  331 Guaca2          1 01/01/1970    2    23.15    0
  331 Guaca2          1 01/01/1970    3    22.91    0
  331 Guaca2          1 01/01/1970    4    16.22    0
  331 Guaca2          1 01/01/1970    5    14.16    0
  383 Prado115        1 01/01/1970    1    19.55    0
  383 Prado115        1 01/01/1970    2    17.62    0
  383 Prado115        1 01/01/1970    3    17.15    0
  383 Prado115        1 01/01/1970    4     13.8    0
  383 Prado115        1 01/01/1970    5    12.97    0
  386 Cajamarca1      1 01/01/1970    1     1.51    0
  386 Cajamarca1      1 01/01/1970    2     1.22    0
  386 Cajamarca1      1 01/01/1970    3     1.18    0
  386 Cajamarca1      1 01/01/1970    4     1.05    0
  386 Cajamarca1      1 01/01/1970    5     0.96    0
  387 Diamante115     1 01/01/1970    1    21.99    0
  387 Diamante115     1 01/01/1970    2    21.66    0
  387 Diamante115     1 01/01/1970    3    20.74    0
  387 Diamante115     1 01/01/1970    4    13.39    0
  387 Diamante115     1 01/01/1970    5    19.09    0
  390 Papayo115       1 01/01/1970    1    75.62    0
  390 Papayo115       1 01/01/1970    2    74.81    0
  390 Papayo115       1 01/01/1970    3    70.44    0
  390 Papayo115       1 01/01/1970    4    54.65    0
  390 Papayo115       1 01/01/1970    5    46.16    0
  395 Lanceros115     1 01/01/1970    1    77.95    0
  395 Lanceros115     1 01/01/1970    2    74.79    0
  395 Lanceros115     1 01/01/1970    3    67.27    0
  395 Lanceros115     1 01/01/1970    4    64.67    0
  395 Lanceros115     1 01/01/1970    5    53.01    0
  409 Pance115        1 01/01/1970    1    65.89    0
  409 Pance115        1 01/01/1970    2    66.04    0
  409 Pance115        1 01/01/1970    3    62.58    0
  409 Pance115        1 01/01/1970    4    49.42    0
  409 Pance115        1 01/01/1970    5    41.17    0
  416 Termoyumbo1     1 01/01/1970    1    34.42    0
  416 Termoyumbo1     1 01/01/1970    2    41.19    0
  416 Termoyumbo1     1 01/01/1970    3    41.96    0
  416 Termoyumbo1     1 01/01/1970    4     33.9    0
  416 Termoyumbo1     1 01/01/1970    5    33.29    0
  418 Aguablanca1     1 01/01/1970    1    46.71    0
  418 Aguablanca1     1 01/01/1970    2    35.36    0
  418 Aguablanca1     1 01/01/1970    3    30.54    0
  418 Aguablanca1     1 01/01/1970    4    32.02    0
  418 Aguablanca1     1 01/01/1970    5    23.52    0
  419 Juanchito1      1 01/01/1970    1    82.97    0
  419 Juanchito1      1 01/01/1970    2    89.93    0
  419 Juanchito1      1 01/01/1970    3    84.07    0
  419 Juanchito1      1 01/01/1970    4    63.71    0
  419 Juanchito1      1 01/01/1970    5    52.08    0
  420 Melendez115     1 01/01/1970    1    87.75    0
  420 Melendez115     1 01/01/1970    2    96.31    0
  420 Melendez115     1 01/01/1970    3    86.26    0
  420 Melendez115     1 01/01/1970    4    68.08    0
  420 Melendez115     1 01/01/1970    5    55.29    0
  421 PapelCauca1     1 01/01/1970    1     11.2    0
  421 PapelCauca1     1 01/01/1970    2     9.75    0
  421 PapelCauca1     1 01/01/1970    3    10.84    0
  421 PapelCauca1     1 01/01/1970    4    10.31    0
  421 PapelCauca1     1 01/01/1970    5    10.54    0
  422 BMalaga115      1 01/01/1970    1     1.54    0
  422 BMalaga115      1 01/01/1970    2     1.91    0
  422 BMalaga115      1 01/01/1970    3     1.75    0
  422 BMalaga115      1 01/01/1970    4     1.35    0
  422 BMalaga115      1 01/01/1970    5     1.19    0
  423 Pailon115       1 01/01/1970    1    18.52    0
  423 Pailon115       1 01/01/1970    2    15.27    0
  423 Pailon115       1 01/01/1970    3    13.87    0
  423 Pailon115       1 01/01/1970    4    11.99    0
  423 Pailon115       1 01/01/1970    5     9.02    0
  425 Chipichape1     1 01/01/1970    1    60.76    0
  425 Chipichape1     1 01/01/1970    2    86.75    0
  425 Chipichape1     1 01/01/1970    3    83.41    0
  425 Chipichape1     1 01/01/1970    4    51.59    0
  425 Chipichape1     1 01/01/1970    5    45.56    0
  426 Buga115         1 01/01/1970    1    28.45    0
  426 Buga115         1 01/01/1970    2    29.99    0
  426 Buga115         1 01/01/1970    3    28.81    0
  426 Buga115         1 01/01/1970    4    23.31    0
  426 Buga115         1 01/01/1970    5    20.38    0
  427 Campiña115      1 01/01/1970    1     6.14    0
  427 Campiña115      1 01/01/1970    2     8.72    0
  427 Campiña115      1 01/01/1970    3     6.81    0
  427 Campiña115      1 01/01/1970    4     4.32    0
  427 Campiña115      1 01/01/1970    5     3.45    0
  428 CodazziEPSA1    1 01/01/1970    1     9.05    0
  428 CodazziEPSA1    1 01/01/1970    2     7.27    0
  428 CodazziEPSA1    1 01/01/1970    3     6.54    0
  428 CodazziEPSA1    1 01/01/1970    4     6.15    0
  428 CodazziEPSA1    1 01/01/1970    5     4.77    0
  429 Palmira115      1 01/01/1970    1    34.27    0
  429 Palmira115      1 01/01/1970    2    36.71    0
  429 Palmira115      1 01/01/1970    3    33.99    0
  429 Palmira115      1 01/01/1970    4    25.11    0
  429 Palmira115      1 01/01/1970    5    20.66    0
  430 Guachal115      1 01/01/1970    1    30.18    0
  430 Guachal115      1 01/01/1970    2    30.18    0
  430 Guachal115      1 01/01/1970    3    30.18    0
  430 Guachal115      1 01/01/1970    4    30.18    0
  430 Guachal115      1 01/01/1970    5    30.18    0
  432 LaUnion115      1 01/01/1970    1    12.55    0
  432 LaUnion115      1 01/01/1970    2    11.58    0
  432 LaUnion115      1 01/01/1970    3    10.85    0
  432 LaUnion115      1 01/01/1970    4     8.67    0
  432 LaUnion115      1 01/01/1970    5     7.42    0
  433 Zarzal115       1 01/01/1970    1    21.55    0
  433 Zarzal115       1 01/01/1970    2    20.76    0
  433 Zarzal115       1 01/01/1970    3    19.88    0
  433 Zarzal115       1 01/01/1970    4    15.31    0
  433 Zarzal115       1 01/01/1970    5     13.7    0
  434 Sucromiles1     1 01/01/1970    1     6.54    0
  434 Sucromiles1     1 01/01/1970    2     5.83    0
  434 Sucromiles1     1 01/01/1970    3     6.07    0
  434 Sucromiles1     1 01/01/1970    4     5.65    0
  434 Sucromiles1     1 01/01/1970    5     6.05    0
  436 Cartago115      1 01/01/1970    1    24.63    0
  436 Cartago115      1 01/01/1970    2    23.64    0
  436 Cartago115      1 01/01/1970    3    22.66    0
  436 Cartago115      1 01/01/1970    4    18.72    0
  436 Cartago115      1 01/01/1970    5    15.76    0
  450 Tulua115        1 01/01/1970    1     8.67    0
  450 Tulua115        1 01/01/1970    2     8.44    0
  450 Tulua115        1 01/01/1970    3     7.93    0
  450 Tulua115        1 01/01/1970    4     6.93    0
  450 Tulua115        1 01/01/1970    5     6.26    0
  451 Bventura115     1 01/01/1970    1    17.48    0
  451 Bventura115     1 01/01/1970    2    18.81    0
  451 Bventura115     1 01/01/1970    3    18.59    0
  451 Bventura115     1 01/01/1970    4    13.85    0
  451 Bventura115     1 01/01/1970    5    11.53    0
  452 Calima115       1 01/01/1970    1     9.06    0
  452 Calima115       1 01/01/1970    2     7.61    0
  452 Calima115       1 01/01/1970    3     7.39    0
  452 Calima115       1 01/01/1970    4     6.25    0
  452 Calima115       1 01/01/1970    5     5.48    0
  453 CandelVlle1     1 01/01/1970    1    29.75    0
  453 CandelVlle1     1 01/01/1970    2     31.5    0
  453 CandelVlle1     1 01/01/1970    3    30.14    0
  453 CandelVlle1     1 01/01/1970    4    22.48    0
  453 CandelVlle1     1 01/01/1970    5    19.97    0
  454 Cerrito115      1 01/01/1970    1    16.58    0
  454 Cerrito115      1 01/01/1970    2    15.82    0
  454 Cerrito115      1 01/01/1970    3    15.28    0
  454 Cerrito115      1 01/01/1970    4      13.    0
  454 Cerrito115      1 01/01/1970    5    11.63    0
  455 SanLuis115      1 01/01/1970    1    85.69    0
  455 SanLuis115      1 01/01/1970    2    94.14    0
  455 SanLuis115      1 01/01/1970    3    89.29    0
  455 SanLuis115      1 01/01/1970    4    71.61    0
  455 SanLuis115      1 01/01/1970    5    60.58    0
  456 SnAntonioVa1    1 01/01/1970    1    65.43    0
  456 SnAntonioVa1    1 01/01/1970    2    78.71    0
  456 SnAntonioVa1    1 01/01/1970    3    74.69    0
  456 SnAntonioVa1    1 01/01/1970    4    49.62    0
  456 SnAntonioVa1    1 01/01/1970    5    40.01    0
  461 Salvajina2      1 01/01/1970    1     0.23    0
  461 Salvajina2      1 01/01/1970    2     0.22    0
  461 Salvajina2      1 01/01/1970    3     0.24    0
  461 Salvajina2      1 01/01/1970    4     0.24    0
  461 Salvajina2      1 01/01/1970    5     0.24    0
  609 Noroeste115     1 01/01/1970    1    36.29    0
  609 Noroeste115     1 01/01/1970    2    33.04    0
  609 Noroeste115     1 01/01/1970    3     32.7    0
  609 Noroeste115     1 01/01/1970    4    23.15    0
  609 Noroeste115     1 01/01/1970    5    20.21    0
  612 Torca115        1 01/01/1970    1    36.93    0
  612 Torca115        1 01/01/1970    2    33.63    0
  612 Torca115        1 01/01/1970    3    33.28    0
  612 Torca115        1 01/01/1970    4    23.56    0
  612 Torca115        1 01/01/1970    5    20.57    0
  616 Tunal2          1 01/01/1970    1    26.46    0
  616 Tunal2          1 01/01/1970    2     24.1    0
  616 Tunal2          1 01/01/1970    3    23.85    0
  616 Tunal2          1 01/01/1970    4    16.88    0
  616 Tunal2          1 01/01/1970    5    14.74    0
  617 SnMateoEEB2     1 01/01/1970    1    80.41    0
  617 SnMateoEEB2     1 01/01/1970    2    73.22    0
  617 SnMateoEEB2     1 01/01/1970    3    72.47    0
  617 SnMateoEEB2     1 01/01/1970    4    51.31    0
  617 SnMateoEEB2     1 01/01/1970    5     44.8    0
  618 Chia115         1 01/01/1970    1    40.51    0
  618 Chia115         1 01/01/1970    2    36.89    0
  618 Chia115         1 01/01/1970    3    36.51    0
  618 Chia115         1 01/01/1970    4    25.85    0
  618 Chia115         1 01/01/1970    5    22.57    0
  619 ElSol115        1 01/01/1970    1    61.95    0
  619 ElSol115        1 01/01/1970    2    56.42    0
  619 ElSol115        1 01/01/1970    3    55.83    0
  619 ElSol115        1 01/01/1970    4    39.53    0
  619 ElSol115        1 01/01/1970    5    34.51    0
  620 Salitre115      1 01/01/1970    1    67.33    0
  620 Salitre115      1 01/01/1970    2    61.31    0
  620 Salitre115      1 01/01/1970    3    60.68    0
  620 Salitre115      1 01/01/1970    4    42.96    0
  620 Salitre115      1 01/01/1970    5    37.51    0
  621 Suba115         1 01/01/1970    1    47.29    0
  621 Suba115         1 01/01/1970    2    43.07    0
  621 Suba115         1 01/01/1970    3    42.62    0
  621 Suba115         1 01/01/1970    4    30.18    0
  621 Suba115         1 01/01/1970    5    26.35    0
  622 FloridaCOD1     1 01/01/1970    1     60.2    0
  622 FloridaCOD1     1 01/01/1970    2    54.82    0
  622 FloridaCOD1     1 01/01/1970    3    54.26    0
  622 FloridaCOD1     1 01/01/1970    4    38.41    0
  622 FloridaCOD1     1 01/01/1970    5    33.54    0
  623 Tibabuyes1      1 01/01/1970    1    67.48    0
  623 Tibabuyes1      1 01/01/1970    2    61.45    0
  623 Tibabuyes1      1 01/01/1970    3    60.81    0
  623 Tibabuyes1      1 01/01/1970    4    43.05    0
  623 Tibabuyes1      1 01/01/1970    5    37.59    0
  624 Colegio115      1 01/01/1970    1     8.21    0
  624 Colegio115      1 01/01/1970    2     7.47    0
  624 Colegio115      1 01/01/1970    3      7.4    0
  624 Colegio115      1 01/01/1970    4     5.24    0
  624 Colegio115      1 01/01/1970    5     4.57    0
  625 Fontibon115     1 01/01/1970    1   102.55    0
  625 Fontibon115     1 01/01/1970    2    93.39    0
  625 Fontibon115     1 01/01/1970    3    92.42    0
  625 Fontibon115     1 01/01/1970    4    65.43    0
  625 Fontibon115     1 01/01/1970    5    57.13    0
  626 Bosa115         1 01/01/1970    1    69.29    0
  626 Bosa115         1 01/01/1970    2     63.1    0
  626 Bosa115         1 01/01/1970    3    62.45    0
  626 Bosa115         1 01/01/1970    4    44.21    0
  626 Bosa115         1 01/01/1970    5     38.6    0
  628 Techo115        1 01/01/1970    1    65.02    0
  628 Techo115        1 01/01/1970    2    59.21    0
  628 Techo115        1 01/01/1970    3     58.6    0
  628 Techo115        1 01/01/1970    4    41.49    0
  628 Techo115        1 01/01/1970    5    36.22    0
  629 Calle67115      1 01/01/1970    1    52.33    0
  629 Calle67115      1 01/01/1970    2    47.65    0
  629 Calle67115      1 01/01/1970    3    47.16    0
  629 Calle67115      1 01/01/1970    4    33.39    0
  629 Calle67115      1 01/01/1970    5    29.15    0
  630 LaPaz115        1 01/01/1970    1    64.64    0
  630 LaPaz115        1 01/01/1970    2    58.86    0
  630 LaPaz115        1 01/01/1970    3    58.26    0
  630 LaPaz115        1 01/01/1970    4    41.24    0
  630 LaPaz115        1 01/01/1970    5    36.01    0
  631 Castellana1     1 01/01/1970    1    53.48    0
  631 Castellana1     1 01/01/1970    2     48.7    0
  631 Castellana1     1 01/01/1970    3     48.2    0
  631 Castellana1     1 01/01/1970    4    34.12    0
  631 Castellana1     1 01/01/1970    5    29.79    0
  632 DiacoCOD115     1 01/01/1970    1     1.89    0
  632 DiacoCOD115     1 01/01/1970    2     1.89    0
  632 DiacoCOD115     1 01/01/1970    3      1.9    0
  632 DiacoCOD115     1 01/01/1970    4      1.9    0
  632 DiacoCOD115     1 01/01/1970    5      1.9    0
  633 Chicala115      1 01/01/1970    1    73.96    0
  633 Chicala115      1 01/01/1970    2    67.35    0
  633 Chicala115      1 01/01/1970    3    66.66    0
  633 Chicala115      1 01/01/1970    4    47.19    0
  633 Chicala115      1 01/01/1970    5     41.2    0
  634 Usme115         1 01/01/1970    1     43.2    0
  634 Usme115         1 01/01/1970    2    39.34    0
  634 Usme115         1 01/01/1970    3    38.93    0
  634 Usme115         1 01/01/1970    4    27.56    0
  634 Usme115         1 01/01/1970    5    24.06    0
  635 Calle1115       1 01/01/1970    1    29.59    0
  635 Calle1115       1 01/01/1970    2    26.94    0
  635 Calle1115       1 01/01/1970    3    26.66    0
  635 Calle1115       1 01/01/1970    4    18.88    0
  635 Calle1115       1 01/01/1970    5    16.48    0
  636 Concordia1      1 01/01/1970    1    20.75    0
  636 Concordia1      1 01/01/1970    2     18.9    0
  636 Concordia1      1 01/01/1970    3     18.7    0
  636 Concordia1      1 01/01/1970    4    13.24    0
  636 Concordia1      1 01/01/1970    5    11.56    0
  637 TermoZipa1      1 01/01/1970    1    55.57    0
  637 TermoZipa1      1 01/01/1970    2    50.61    0
  637 TermoZipa1      1 01/01/1970    3    50.08    0
  637 TermoZipa1      1 01/01/1970    4    35.46    0
  637 TermoZipa1      1 01/01/1970    5    30.96    0
  638 Zipaquira1      1 01/01/1970    1     23.7    0
  638 Zipaquira1      1 01/01/1970    2    21.58    0
  638 Zipaquira1      1 01/01/1970    3    21.36    0
  638 Zipaquira1      1 01/01/1970    4    15.12    0
  638 Zipaquira1      1 01/01/1970    5     13.2    0
  639 Caqueza115      1 01/01/1970    1     9.02    0
  639 Caqueza115      1 01/01/1970    2     8.21    0
  639 Caqueza115      1 01/01/1970    3     8.13    0
  639 Caqueza115      1 01/01/1970    4     5.75    0
  639 Caqueza115      1 01/01/1970    5     5.02    0
  640 Veraguas115     1 01/01/1970    1    44.65    0
  640 Veraguas115     1 01/01/1970    2    40.66    0
  640 Veraguas115     1 01/01/1970    3    40.24    0
  640 Veraguas115     1 01/01/1970    4    28.49    0
  640 Veraguas115     1 01/01/1970    5    24.87    0
  641 Muzu115         1 01/01/1970    1    55.57    0
  641 Muzu115         1 01/01/1970    2    50.61    0
  641 Muzu115         1 01/01/1970    3    50.08    0
  641 Muzu115         1 01/01/1970    4    35.46    0
  641 Muzu115         1 01/01/1970    5    30.96    0
  642 Muña1115        1 01/01/1970    1    36.46    0
  642 Muña1115        1 01/01/1970    2     33.2    0
  642 Muña1115        1 01/01/1970    3    32.86    0
  642 Muña1115        1 01/01/1970    4    23.26    0
  642 Muña1115        1 01/01/1970    5    20.31    0
  643 SnCarlosEEB1    1 01/01/1970    1    26.56    0
  643 SnCarlosEEB1    1 01/01/1970    2    24.18    0
  643 SnCarlosEEB1    1 01/01/1970    3    23.93    0
  643 SnCarlosEEB1    1 01/01/1970    4    16.94    0
  643 SnCarlosEEB1    1 01/01/1970    5    14.79    0
  644 Muña3115        1 01/01/1970    1     7.57    0
  644 Muña3115        1 01/01/1970    2     6.89    0
  644 Muña3115        1 01/01/1970    3     6.82    0
  644 Muña3115        1 01/01/1970    4     4.83    0
  644 Muña3115        1 01/01/1970    5     4.21    0
  644 Muña3115      501 01/01/1970    1     7.57    0
  644 Muña3115      501 01/01/1970    2     6.89    0
  644 Muña3115      501 01/01/1970    3     6.82    0
  644 Muña3115      501 01/01/1970    4     4.83    0
  644 Muña3115      501 01/01/1970    5     4.21    0
  645 Peldar115       1 01/01/1970    1      8.6    0
  645 Peldar115       1 01/01/1970    2      8.6    0
  645 Peldar115       1 01/01/1970    3      8.6    0
  645 Peldar115       1 01/01/1970    4     8.56    0
  645 Peldar115       1 01/01/1970    5      8.6    0
  647 Sesquile115     1 01/01/1970    1    28.41    0
  647 Sesquile115     1 01/01/1970    2    25.87    0
  647 Sesquile115     1 01/01/1970    3    25.61    0
  647 Sesquile115     1 01/01/1970    4    18.13    0
  647 Sesquile115     1 01/01/1970    5    15.83    0
  648 Simijaca115     1 01/01/1970    1       3.    0
  648 Simijaca115     1 01/01/1970    2     2.73    0
  648 Simijaca115     1 01/01/1970    3     2.71    0
  648 Simijaca115     1 01/01/1970    4     1.91    0
  648 Simijaca115     1 01/01/1970    5     1.67    0
  649 Ubate115        1 01/01/1970    1    24.85    0
  649 Ubate115        1 01/01/1970    2    22.63    0
  649 Ubate115        1 01/01/1970    3     22.4    0
  649 Ubate115        1 01/01/1970    4    15.85    0
  649 Ubate115        1 01/01/1970    5    13.84    0
  650 Mosquera115     1 01/01/1970    1    81.88    0
  650 Mosquera115     1 01/01/1970    2    74.56    0
  650 Mosquera115     1 01/01/1970    3    73.79    0
  650 Mosquera115     1 01/01/1970    4    52.24    0
  650 Mosquera115     1 01/01/1970    5    45.61    0
  652 VictoriaEEB1    1 01/01/1970    1    48.94    0
  652 VictoriaEEB1    1 01/01/1970    2    44.56    0
  652 VictoriaEEB1    1 01/01/1970    3     44.1    0
  652 VictoriaEEB1    1 01/01/1970    4    31.22    0
  652 VictoriaEEB1    1 01/01/1970    5    27.26    0
  655 Balsillas2      1 01/01/1970    1    19.12    0
  655 Balsillas2      1 01/01/1970    2    17.41    0
  655 Balsillas2      1 01/01/1970    3    17.23    0
  655 Balsillas2      1 01/01/1970    4     12.2    0
  655 Balsillas2      1 01/01/1970    5    10.65    0
  672 Gorgonzola7     1 01/01/1970    1    48.13    0
  672 Gorgonzola7     1 01/01/1970    2    43.83    0
  672 Gorgonzola7     1 01/01/1970    3    43.37    0
  672 Gorgonzola7     1 01/01/1970    4    30.71    0
  672 Gorgonzola7     1 01/01/1970    5    26.81    0
  673 Charquito7      1 01/01/1970    1     0.36    0
  673 Charquito7      1 01/01/1970    2     0.33    0
  673 Charquito7      1 01/01/1970    3     0.32    0
  673 Charquito7      1 01/01/1970    4     0.23    0
  673 Charquito7      1 01/01/1970    5      0.2    0
  676 SnFacon7        1 01/01/1970    1    24.64    0
  676 SnFacon7        1 01/01/1970    2    22.43    0
  676 SnFacon7        1 01/01/1970    3     22.2    0
  676 SnFacon7        1 01/01/1970    4    15.72    0
  676 SnFacon7        1 01/01/1970    5    13.72    0
  677 SnJose7         1 01/01/1970    1     8.47    0
  677 SnJose7         1 01/01/1970    2     7.71    0
  677 SnJose7         1 01/01/1970    3     7.63    0
  677 SnJose7         1 01/01/1970    4      5.4    0
  677 SnJose7         1 01/01/1970    5     4.71    0
  678 Indumil7        1 01/01/1970    1       0.    0
  678 Indumil7        1 01/01/1970    2       0.    0
  678 Indumil7        1 01/01/1970    3       0.    0
  678 Indumil7        1 01/01/1970    4       0.    0
  678 Indumil7        1 01/01/1970    5       0.    0
  682 Aranjuez115     1 01/01/1970    1    38.16    0
  682 Aranjuez115     1 01/01/1970    2    34.75    0
  682 Aranjuez115     1 01/01/1970    3    34.39    0
  682 Aranjuez115     1 01/01/1970    4    24.35    0
  682 Aranjuez115     1 01/01/1970    5    21.26    0
  683 Autopista1      1 01/01/1970    1    53.25    0
  683 Autopista1      1 01/01/1970    2    48.49    0
  683 Autopista1      1 01/01/1970    3    47.99    0
  683 Autopista1      1 01/01/1970    4    33.97    0
  683 Autopista1      1 01/01/1970    5    29.66    0
  684 Bolivia115      1 01/01/1970    1    53.97    0
  684 Bolivia115      1 01/01/1970    2    49.15    0
  684 Bolivia115      1 01/01/1970    3    48.64    0
  684 Bolivia115      1 01/01/1970    4    34.44    0
  684 Bolivia115      1 01/01/1970    5    30.07    0
  685 Calle51115      1 01/01/1970    1    31.76    0
  685 Calle51115      1 01/01/1970    2    28.92    0
  685 Calle51115      1 01/01/1970    3    28.63    0
  685 Calle51115      1 01/01/1970    4    20.27    0
  685 Calle51115      1 01/01/1970    5    17.69    0
  686 Carrera5115     1 01/01/1970    1    24.85    0
  686 Carrera5115     1 01/01/1970    2    22.63    0
  686 Carrera5115     1 01/01/1970    3     22.4    0
  686 Carrera5115     1 01/01/1970    4    15.85    0
  686 Carrera5115     1 01/01/1970    5    13.84    0
  687 Usaquen115      1 01/01/1970    1    57.43    0
  687 Usaquen115      1 01/01/1970    2     52.3    0
  687 Usaquen115      1 01/01/1970    3    51.76    0
  687 Usaquen115      1 01/01/1970    4    36.64    0
  687 Usaquen115      1 01/01/1970    5    31.99    0
  688 PuertoGaita1    1 01/01/1970    1    30.65    0
  688 PuertoGaita1    1 01/01/1970    2    27.91    0
  688 PuertoGaita1    1 01/01/1970    3    27.62    0
  688 PuertoGaita1    1 01/01/1970    4    19.56    0
  688 PuertoGaita1    1 01/01/1970    5    17.07    0
  696 Calera115       1 01/01/1970    1     8.76    0
  696 Calera115       1 01/01/1970    2     7.98    0
  696 Calera115       1 01/01/1970    3      7.9    0
  696 Calera115       1 01/01/1970    4     5.59    0
  696 Calera115       1 01/01/1970    5     4.88    0
  697 SnRafael115     1 01/01/1970    1       0.    0
  697 SnRafael115     1 01/01/1970    2       0.    0
  697 SnRafael115     1 01/01/1970    3       0.    0
  697 SnRafael115     1 01/01/1970    4       0.    0
  697 SnRafael115     1 01/01/1970    5       0.    0
  698 Morato115       1 01/01/1970    1    64.88    0
  698 Morato115       1 01/01/1970    2    59.08    0
  698 Morato115       1 01/01/1970    3    58.47    0
  698 Morato115       1 01/01/1970    4    41.39    0
  698 Morato115       1 01/01/1970    5    36.14    0
  701 SaltoII115      1 01/01/1970    1     5.16    0
  701 SaltoII115      1 01/01/1970    2      4.7    0
  701 SaltoII115      1 01/01/1970    3     4.65    0
  701 SaltoII115      1 01/01/1970    4     3.29    0
  701 SaltoII115      1 01/01/1970    5     2.87    0
  703 Tenjo115        1 01/01/1970    1    12.99    0
  703 Tenjo115        1 01/01/1970    2    11.83    0
  703 Tenjo115        1 01/01/1970    3     11.7    0
  703 Tenjo115        1 01/01/1970    4     8.29    0
  703 Tenjo115        1 01/01/1970    5     7.23    0
  709 Balsillas1      1 01/01/1970    1     2.96    0
  709 Balsillas1      1 01/01/1970    2      2.7    0
  709 Balsillas1      1 01/01/1970    3     2.67    0
  709 Balsillas1      1 01/01/1970    4     1.89    0
  709 Balsillas1      1 01/01/1970    5     1.65    0
  713 Tunal115        1 01/01/1970    1    23.25    0
  713 Tunal115        1 01/01/1970    2    21.17    0
  713 Tunal115        1 01/01/1970    3    20.95    0
  713 Tunal115        1 01/01/1970    4    14.83    0
  713 Tunal115        1 01/01/1970    5    12.95    0
  958 Ternera6        1 01/01/1970    1    66.84    0
  958 Ternera6        1 01/01/1970    2    60.02    0
  958 Ternera6        1 01/01/1970    3    53.04    0
  958 Ternera6        1 01/01/1970    4    71.11    0
  958 Ternera6        1 01/01/1970    5    58.65    0
  959 Bayunca6        1 01/01/1970    1    12.54    0
  959 Bayunca6        1 01/01/1970    2    10.51    0
  959 Bayunca6        1 01/01/1970    3    10.32    0
  959 Bayunca6        1 01/01/1970    4    11.07    0
  959 Bayunca6        1 01/01/1970    5     9.84    0
  960 VillaEstrel6    1 01/01/1970    1    14.71    0
  960 VillaEstrel6    1 01/01/1970    2    11.36    0
  960 VillaEstrel6    1 01/01/1970    3    10.57    0
  960 VillaEstrel6    1 01/01/1970    4    14.11    0
  960 VillaEstrel6    1 01/01/1970    5    12.14    0
  961 Bgrande6        1 01/01/1970    1     82.9    0
  961 Bgrande6        1 01/01/1970    2    87.71    0
  961 Bgrande6        1 01/01/1970    3    81.84    0
  961 Bgrande6        1 01/01/1970    4    72.43    0
  961 Bgrande6        1 01/01/1970    5    62.52    0
  964 Calamar6        1 01/01/1970    1     7.81    0
  964 Calamar6        1 01/01/1970    2     5.32    0
  964 Calamar6        1 01/01/1970    3     4.73    0
  964 Calamar6        1 01/01/1970    4     7.55    0
  964 Calamar6        1 01/01/1970    5     6.93    0
  966 Gambote6        1 01/01/1970    1    20.43    0
  966 Gambote6        1 01/01/1970    2    16.29    0
  966 Gambote6        1 01/01/1970    3     15.6    0
  966 Gambote6        1 01/01/1970    4    18.42    0
  966 Gambote6        1 01/01/1970    5    16.67    0
  968 NvCospique1     1 01/01/1970    1    39.49    0
  968 NvCospique1     1 01/01/1970    2    39.66    0
  968 NvCospique1     1 01/01/1970    3    40.25    0
  968 NvCospique1     1 01/01/1970    4     38.2    0
  968 NvCospique1     1 01/01/1970    5    36.32    0
  969 Cospique6       1 01/01/1970    1     1.55    0
  969 Cospique6       1 01/01/1970    2     2.34    0
  969 Cospique6       1 01/01/1970    3     2.14    0
  969 Cospique6       1 01/01/1970    4     1.22    0
  969 Cospique6       1 01/01/1970    5     1.04    0
  970 Membrillal6     1 01/01/1970    1    18.09    0
  970 Membrillal6     1 01/01/1970    2    18.88    0
  970 Membrillal6     1 01/01/1970    3    18.83    0
  970 Membrillal6     1 01/01/1970    4    17.92    0
  970 Membrillal6     1 01/01/1970    5    16.91    0
  971 Zambrano6       1 01/01/1970    1    15.56    0
  971 Zambrano6       1 01/01/1970    2    12.63    0
  971 Zambrano6       1 01/01/1970    3    11.13    0
  971 Zambrano6       1 01/01/1970    4     15.4    0
  971 Zambrano6       1 01/01/1970    5     13.9    0
  972 Mamonal6        1 01/01/1970    1    22.62    0
  972 Mamonal6        1 01/01/1970    2    22.05    0
  972 Mamonal6        1 01/01/1970    3    22.03    0
  972 Mamonal6        1 01/01/1970    4    21.73    0
  972 Mamonal6        1 01/01/1970    5    19.91    0
  973 Chambacu6       1 01/01/1970    1    57.83    0
  973 Chambacu6       1 01/01/1970    2    62.91    0
  973 Chambacu6       1 01/01/1970    3    58.37    0
  973 Chambacu6       1 01/01/1970    4    51.52    0
  973 Chambacu6       1 01/01/1970    5    41.98    0
  974 Zaragocilla6    1 01/01/1970    1    54.84    0
  974 Zaragocilla6    1 01/01/1970    2    48.74    0
  974 Zaragocilla6    1 01/01/1970    3    43.84    0
  974 Zaragocilla6    1 01/01/1970    4    59.73    0
  974 Zaragocilla6    1 01/01/1970    5    50.36    0
  975 Argos110        1 01/01/1970    1     9.18    0
  975 Argos110        1 01/01/1970    2     7.96    0
  975 Argos110        1 01/01/1970    3     7.97    0
  975 Argos110        1 01/01/1970    4     2.25    0
  975 Argos110        1 01/01/1970    5    10.37    0
  987 Carmen110       1 01/01/1970    1    14.17    0
  987 Carmen110       1 01/01/1970    2     6.43    0
  987 Carmen110       1 01/01/1970    3      5.9    0
  987 Carmen110       1 01/01/1970    4      7.6    0
  987 Carmen110       1 01/01/1970    5     6.56    0
  990 SnJacinto6      1 01/01/1970    1     3.98    0
  990 SnJacinto6      1 01/01/1970    2      3.1    0
  990 SnJacinto6      1 01/01/1970    3     2.74    0
  990 SnJacinto6      1 01/01/1970    4     3.96    0
  990 SnJacinto6      1 01/01/1970    5      3.5    0
 1000 Quibdo110       1 01/01/1970    1    19.68    0
 1000 Quibdo110       1 01/01/1970    2     19.7    0
 1000 Quibdo110       1 01/01/1970    3    19.09    0
 1000 Quibdo110       1 01/01/1970    4    13.85    0
 1000 Quibdo110       1 01/01/1970    5    12.01    0
 1001 Certegui110     1 01/01/1970    1      4.1    0
 1001 Certegui110     1 01/01/1970    2     3.44    0
 1001 Certegui110     1 01/01/1970    3     3.03    0
 1001 Certegui110     1 01/01/1970    4     3.03    0
 1001 Certegui110     1 01/01/1970    5     2.68    0
 1007 Cuba115         1 01/01/1970    1    32.02    0
 1007 Cuba115         1 01/01/1970    2    33.58    0
 1007 Cuba115         1 01/01/1970    3    31.02    0
 1007 Cuba115         1 01/01/1970    4     23.1    0
 1007 Cuba115         1 01/01/1970    5    18.71    0
 1008 LaRosa115       1 01/01/1970    1    24.18    0
 1008 LaRosa115       1 01/01/1970    2    21.28    0
 1008 LaRosa115       1 01/01/1970    3    19.04    0
 1008 LaRosa115       1 01/01/1970    4    18.42    0
 1008 LaRosa115       1 01/01/1970    5    12.37    0
 1009 Regivit115      1 01/01/1970    1    21.74    0
 1009 Regivit115      1 01/01/1970    2     19.3    0
 1009 Regivit115      1 01/01/1970    3      18.    0
 1009 Regivit115      1 01/01/1970    4    14.91    0
 1009 Regivit115      1 01/01/1970    5    11.49    0
 1017 Armenia115      1 01/01/1970    1    35.51    0
 1017 Armenia115      1 01/01/1970    2    35.41    0
 1017 Armenia115      1 01/01/1970    3    34.05    0
 1017 Armenia115      1 01/01/1970    4     25.4    0
 1017 Armenia115      1 01/01/1970    5    19.62    0
 1019 Dosquebrada1    1 01/01/1970    1    29.03    0
 1019 Dosquebrada1    1 01/01/1970    2    32.63    0
 1019 Dosquebrada1    1 01/01/1970    3    30.02    0
 1019 Dosquebrada1    1 01/01/1970    4    20.75    0
 1019 Dosquebrada1    1 01/01/1970    5     18.1    0
 1020 Enea115         1 01/01/1970    1    24.77    0
 1020 Enea115         1 01/01/1970    2    25.25    0
 1020 Enea115         1 01/01/1970    3    24.48    0
 1020 Enea115         1 01/01/1970    4     19.8    0
 1020 Enea115         1 01/01/1970    5    14.52    0
 1021 Hermosa115      1 01/01/1970    1    10.31    0
 1021 Hermosa115      1 01/01/1970    2     9.36    0
 1021 Hermosa115      1 01/01/1970    3     7.94    0
 1021 Hermosa115      1 01/01/1970    4     7.37    0
 1021 Hermosa115      1 01/01/1970    5     5.14    0
 1022 InsulaCQR1      1 01/01/1970    1    15.98    0
 1022 InsulaCQR1      1 01/01/1970    2    17.82    0
 1022 InsulaCQR1      1 01/01/1970    3    15.36    0
 1022 InsulaCQR1      1 01/01/1970    4    12.79    0
 1022 InsulaCQR1      1 01/01/1970    5    12.65    0
 1023 Irra115         1 01/01/1970    1     7.84    0
 1023 Irra115         1 01/01/1970    2     7.11    0
 1023 Irra115         1 01/01/1970    3     6.77    0
 1023 Irra115         1 01/01/1970    4     5.32    0
 1023 Irra115         1 01/01/1970    5     4.01    0
 1024 Istmina110      1 01/01/1970    1     4.53    0
 1024 Istmina110      1 01/01/1970    2     4.47    0
 1024 Istmina110      1 01/01/1970    3     4.07    0
 1024 Istmina110      1 01/01/1970    4     3.24    0
 1024 Istmina110      1 01/01/1970    5     2.95    0
 1025 Manizales1      1 01/01/1970    1     21.8    0
 1025 Manizales1      1 01/01/1970    2    20.59    0
 1025 Manizales1      1 01/01/1970    3    18.29    0
 1025 Manizales1      1 01/01/1970    4    15.16    0
 1025 Manizales1      1 01/01/1970    5    11.08    0
 1026 Manzanares1     1 01/01/1970    1     3.13    0
 1026 Manzanares1     1 01/01/1970    2     2.86    0
 1026 Manzanares1     1 01/01/1970    3     2.92    0
 1026 Manzanares1     1 01/01/1970    4     2.05    0
 1026 Manzanares1     1 01/01/1970    5     1.49    0
 1027 Mariquita1      1 01/01/1970    1    12.39    0
 1027 Mariquita1      1 01/01/1970    2    11.71    0
 1027 Mariquita1      1 01/01/1970    3     10.9    0
 1027 Mariquita1      1 01/01/1970    4     9.72    0
 1027 Mariquita1      1 01/01/1970    5     8.67    0
 1028 Peralonso1      1 01/01/1970    1    25.08    0
 1028 Peralonso1      1 01/01/1970    2     24.1    0
 1028 Peralonso1      1 01/01/1970    3    22.86    0
 1028 Peralonso1      1 01/01/1970    4    18.37    0
 1028 Peralonso1      1 01/01/1970    5    12.39    0
 1029 Salamina115     1 01/01/1970    1    10.84    0
 1029 Salamina115     1 01/01/1970    2     9.99    0
 1029 Salamina115     1 01/01/1970    3     9.13    0
 1029 Salamina115     1 01/01/1970    4     8.23    0
 1029 Salamina115     1 01/01/1970    5     5.96    0
 1030 SnFelipe115     1 01/01/1970    1    11.56    0
 1030 SnFelipe115     1 01/01/1970    2    10.49    0
 1030 SnFelipe115     1 01/01/1970    3    10.35    0
 1030 SnFelipe115     1 01/01/1970    4     8.73    0
 1030 SnFelipe115     1 01/01/1970    5     7.08    0
 1031 TebaidaNuev1    1 01/01/1970    1     7.75    0
 1031 TebaidaNuev1    1 01/01/1970    2     8.33    0
 1031 TebaidaNuev1    1 01/01/1970    3     7.05    0
 1031 TebaidaNuev1    1 01/01/1970    4       5.    0
 1031 TebaidaNuev1    1 01/01/1970    5     4.02    0
 1032 Viterbo115      1 01/01/1970    1     9.29    0
 1032 Viterbo115      1 01/01/1970    2     9.29    0
 1032 Viterbo115      1 01/01/1970    3     8.67    0
 1032 Viterbo115      1 01/01/1970    4     5.98    0
 1032 Viterbo115      1 01/01/1970    5     4.77    0
 1041 RioSucio115     1 01/01/1970    1     7.72    0
 1041 RioSucio115     1 01/01/1970    2     6.64    0
 1041 RioSucio115     1 01/01/1970    3     6.21    0
 1041 RioSucio115     1 01/01/1970    4     4.81    0
 1041 RioSucio115     1 01/01/1970    5     3.42    0
 1043 VictoriaCQR1    1 01/01/1970    1     24.7    0
 1043 VictoriaCQR1    1 01/01/1970    2    22.38    0
 1043 VictoriaCQR1    1 01/01/1970    3    20.83    0
 1043 VictoriaCQR1    1 01/01/1970    4    22.46    0
 1043 VictoriaCQR1    1 01/01/1970    5    17.79    0
 1056 Popayan115      1 01/01/1970    1    35.18    0
 1056 Popayan115      1 01/01/1970    2    26.75    0
 1056 Popayan115      1 01/01/1970    3    28.11    0
 1056 Popayan115      1 01/01/1970    4    22.48    0
 1056 Popayan115      1 01/01/1970    5    18.51    0
 1057 SBernardino1    1 01/01/1970    1    22.28    0
 1057 SBernardino1    1 01/01/1970    2    18.22    0
 1057 SBernardino1    1 01/01/1970    3     18.6    0
 1057 SBernardino1    1 01/01/1970    4    13.47    0
 1057 SBernardino1    1 01/01/1970    5    11.41    0
 1058 Santander1      1 01/01/1970    1    30.08    0
 1058 Santander1      1 01/01/1970    2    25.46    0
 1058 Santander1      1 01/01/1970    3    24.42    0
 1058 Santander1      1 01/01/1970    4    23.19    0
 1058 Santander1      1 01/01/1970    5    21.68    0
 1059 Paez115         1 01/01/1970    1    27.23    0
 1059 Paez115         1 01/01/1970    2    24.93    0
 1059 Paez115         1 01/01/1970    3    24.69    0
 1059 Paez115         1 01/01/1970    4    24.17    0
 1059 Paez115         1 01/01/1970    5    21.23    0
 1060 ElZaque115      1 01/01/1970    1     8.23    0
 1060 ElZaque115      1 01/01/1970    2     7.47    0
 1060 ElZaque115      1 01/01/1970    3     7.56    0
 1060 ElZaque115      1 01/01/1970    4     4.55    0
 1060 ElZaque115      1 01/01/1970    5      4.6    0
 1061 RioMayo115      1 01/01/1970    1     9.37    0
 1061 RioMayo115      1 01/01/1970    2    11.84    0
 1061 RioMayo115      1 01/01/1970    3    11.77    0
 1061 RioMayo115      1 01/01/1970    4     5.92    0
 1061 RioMayo115      1 01/01/1970    5     5.15    0
 1064 Catambuco1      1 01/01/1970    1    33.08    0
 1064 Catambuco1      1 01/01/1970    2    29.23    0
 1064 Catambuco1      1 01/01/1970    3    31.76    0
 1064 Catambuco1      1 01/01/1970    4    18.73    0
 1064 Catambuco1      1 01/01/1970    5     13.3    0
 1065 Jamondino1      1 01/01/1970    1    14.17    0
 1065 Jamondino1      1 01/01/1970    2     10.5    0
 1065 Jamondino1      1 01/01/1970    3     7.83    0
 1065 Jamondino1      1 01/01/1970    4     3.53    0
 1065 Jamondino1      1 01/01/1970    5     3.54    0
 1066 Ipiales115      1 01/01/1970    1     7.21    0
 1066 Ipiales115      1 01/01/1970    2     6.67    0
 1066 Ipiales115      1 01/01/1970    3     9.79    0
 1066 Ipiales115      1 01/01/1970    4     14.3    0
 1066 Ipiales115      1 01/01/1970    5    27.41    0
 1067 Junin115        1 01/01/1970    1     2.51    0
 1067 Junin115        1 01/01/1970    2     2.08    0
 1067 Junin115        1 01/01/1970    3     2.24    0
 1067 Junin115        1 01/01/1970    4     1.47    0
 1067 Junin115        1 01/01/1970    5     1.32    0
 1068 Pasto115        1 01/01/1970    1     6.43    0
 1068 Pasto115        1 01/01/1970    2     5.94    0
 1068 Pasto115        1 01/01/1970    3     7.17    0
 1068 Pasto115        1 01/01/1970    4     3.74    0
 1068 Pasto115        1 01/01/1970    5     2.65    0
 1075 Tumaco115       1 01/01/1970    1    18.72    0
 1075 Tumaco115       1 01/01/1970    2    14.83    0
 1075 Tumaco115       1 01/01/1970    3    18.28    0
 1075 Tumaco115       1 01/01/1970    4    11.88    0
 1075 Tumaco115       1 01/01/1970    5     9.58    0
 1085 Apartado110     1 01/01/1970    1    31.02    0
 1085 Apartado110     1 01/01/1970    2    29.51    0
 1085 Apartado110     1 01/01/1970    3    27.92    0
 1085 Apartado110     1 01/01/1970    4     20.5    0
 1085 Apartado110     1 01/01/1970    5    19.78    0
 1088 Caucasia110     1 01/01/1970    1    35.83    0
 1088 Caucasia110     1 01/01/1970    2    28.67    0
 1088 Caucasia110     1 01/01/1970    3    25.75    0
 1088 Caucasia110     1 01/01/1970    4    28.34    0
 1088 Caucasia110     1 01/01/1970    5    22.88    0
 1090 Planeta110      1 01/01/1970    1    18.13    0
 1090 Planeta110      1 01/01/1970    2    14.24    0
 1090 Planeta110      1 01/01/1970    3    13.42    0
 1090 Planeta110      1 01/01/1970    4    15.15    0
 1090 Planeta110      1 01/01/1970    5    13.91    0
 1091 Cerromatoso1    1 01/01/1970    1    18.34    0
 1091 Cerromatoso1    1 01/01/1970    2    14.04    0
 1091 Cerromatoso1    1 01/01/1970    3    13.12    0
 1091 Cerromatoso1    1 01/01/1970    4    16.68    0
 1091 Cerromatoso1    1 01/01/1970    5    14.63    0
 1094 Uraba110        1 01/01/1970    1    20.43    0
 1094 Uraba110        1 01/01/1970    2    16.32    0
 1094 Uraba110        1 01/01/1970    3    18.21    0
 1094 Uraba110        1 01/01/1970    4    15.91    0
 1094 Uraba110        1 01/01/1970    5    17.03    0
 1097 Ure110        501 01/01/1970    1    168.4    0
 1097 Ure110        501 01/01/1970    2    168.4    0
 1097 Ure110        501 01/01/1970    3    168.4    0
 1097 Ure110        501 01/01/1970    4    168.4    0
 1097 Ure110        501 01/01/1970    5    168.4    0
 1105 Aguaclara1      1 01/01/1970    1     5.89    0
 1105 Aguaclara1      1 01/01/1970    2     5.37    0
 1105 Aguaclara1      1 01/01/1970    3     5.31    0
 1105 Aguaclara1      1 01/01/1970    4     3.76    0
 1105 Aguaclara1      1 01/01/1970    5     3.28    0
 1107 Guateque115     1 01/01/1970    1    14.32    0
 1107 Guateque115     1 01/01/1970    2    13.04    0
 1107 Guateque115     1 01/01/1970    3    12.91    0
 1107 Guateque115     1 01/01/1970    4     9.14    0
 1107 Guateque115     1 01/01/1970    5     7.98    0
 1108 SantaMaria1     1 01/01/1970    1     6.31    0
 1108 SantaMaria1     1 01/01/1970    2     5.74    0
 1108 SantaMaria1     1 01/01/1970    3     5.68    0
 1108 SantaMaria1     1 01/01/1970    4     4.02    0
 1108 SantaMaria1     1 01/01/1970    5     3.51    0
 1119 Guavio115       1 01/01/1970    1     0.38    0
 1119 Guavio115       1 01/01/1970    2     0.34    0
 1119 Guavio115       1 01/01/1970    3     0.34    0
 1119 Guavio115       1 01/01/1970    4     0.24    0
 1119 Guavio115       1 01/01/1970    5     0.21    0
 1121 Mambita115      1 01/01/1970    1     1.19    0
 1121 Mambita115      1 01/01/1970    2     1.08    0
 1121 Mambita115      1 01/01/1970    3     1.07    0
 1121 Mambita115      1 01/01/1970    4     0.76    0
 1121 Mambita115      1 01/01/1970    5     0.66    0
 1128 RioSinu110      1 01/01/1970    1    53.81    0
 1128 RioSinu110      1 01/01/1970    2    51.31    0
 1128 RioSinu110      1 01/01/1970    3    45.75    0
 1128 RioSinu110      1 01/01/1970    4    50.05    0
 1128 RioSinu110      1 01/01/1970    5    43.19    0
 1129 SierraFlor1     1 01/01/1970    1    23.26    0
 1129 SierraFlor1     1 01/01/1970    2    21.01    0
 1129 SierraFlor1     1 01/01/1970    3    19.24    0
 1129 SierraFlor1     1 01/01/1970    4    20.79    0
 1129 SierraFlor1     1 01/01/1970    5    18.32    0
 1130 Toluviejo1      1 01/01/1970    1    19.64    0
 1130 Toluviejo1      1 01/01/1970    2    13.64    0
 1130 Toluviejo1      1 01/01/1970    3    13.55    0
 1130 Toluviejo1      1 01/01/1970    4    15.83    0
 1130 Toluviejo1      1 01/01/1970    5    15.24    0
 1132 TierraAlta1     1 01/01/1970    1    11.08    0
 1132 TierraAlta1     1 01/01/1970    2     8.91    0
 1132 TierraAlta1     1 01/01/1970    3     8.32    0
 1132 TierraAlta1     1 01/01/1970    4     8.96    0
 1132 TierraAlta1     1 01/01/1970    5     8.41    0
 1133 Boston110       1 01/01/1970    1    38.31    0
 1133 Boston110       1 01/01/1970    2    37.96    0
 1133 Boston110       1 01/01/1970    3    35.16    0
 1133 Boston110       1 01/01/1970    4    32.64    0
 1133 Boston110       1 01/01/1970    5    28.56    0
 1134 Chinu1110       1 01/01/1970    1    44.29    0
 1134 Chinu1110       1 01/01/1970    2    36.33    0
 1134 Chinu1110       1 01/01/1970    3    33.76    0
 1134 Chinu1110       1 01/01/1970    4    38.61    0
 1134 Chinu1110       1 01/01/1970    5    35.41    0
 1135 Coveñas110      1 01/01/1970    1      33.    0
 1135 Coveñas110      1 01/01/1970    2     28.3    0
 1135 Coveñas110      1 01/01/1970    3    28.03    0
 1135 Coveñas110      1 01/01/1970    4    29.09    0
 1135 Coveñas110      1 01/01/1970    5    29.13    0
 1137 Magangue110     1 01/01/1970    1    21.54    0
 1137 Magangue110     1 01/01/1970    2    17.55    0
 1137 Magangue110     1 01/01/1970    3    15.97    0
 1137 Magangue110     1 01/01/1970    4    21.01    0
 1137 Magangue110     1 01/01/1970    5    18.86    0
 1138 Monteria110     1 01/01/1970    1    61.16    0
 1138 Monteria110     1 01/01/1970    2    62.41    0
 1138 Monteria110     1 01/01/1970    3    55.92    0
 1138 Monteria110     1 01/01/1970    4    53.42    0
 1138 Monteria110     1 01/01/1970    5    45.31    0
 1139 SnMarcos110     1 01/01/1970    1     9.33    0
 1139 SnMarcos110     1 01/01/1970    2     7.16    0
 1139 SnMarcos110     1 01/01/1970    3     7.06    0
 1139 SnMarcos110     1 01/01/1970    4     8.35    0
 1139 SnMarcos110     1 01/01/1970    5     7.58    0
 1140 Since110        1 01/01/1970    1    12.03    0
 1140 Since110        1 01/01/1970    2     8.67    0
 1140 Since110        1 01/01/1970    3     8.04    0
 1140 Since110        1 01/01/1970    4    10.45    0
 1140 Since110        1 01/01/1970    5     9.76    0
 1141 Mompox110       1 01/01/1970    1    16.52    0
 1141 Mompox110       1 01/01/1970    2    12.01    0
 1141 Mompox110       1 01/01/1970    3    10.72    0
 1141 Mompox110       1 01/01/1970    4     15.7    0
 1141 Mompox110       1 01/01/1970    5    14.33    0
 1144 Copey2          1 01/01/1970    1    22.68    0
 1144 Copey2          1 01/01/1970    2    19.86    0
 1144 Copey2          1 01/01/1970    3    17.16    0
 1144 Copey2          1 01/01/1970    4    21.52    0
 1144 Copey2          1 01/01/1970    5    19.46    0
 1150 ElPaso110       1 01/01/1970    1    22.42    0
 1150 ElPaso110       1 01/01/1970    2    21.03    0
 1150 ElPaso110       1 01/01/1970    3    17.89    0
 1150 ElPaso110       1 01/01/1970    4     21.6    0
 1150 ElPaso110       1 01/01/1970    5    20.17    0
 1152 Fundacion1      1 01/01/1970    1    27.41    0
 1152 Fundacion1      1 01/01/1970    2    24.87    0
 1152 Fundacion1      1 01/01/1970    3    22.39    0
 1152 Fundacion1      1 01/01/1970    4    25.63    0
 1152 Fundacion1      1 01/01/1970    5    23.53    0
 1153 Guajira2        1 01/01/1970    1     3.36    0
 1153 Guajira2        1 01/01/1970    2     2.79    0
 1153 Guajira2        1 01/01/1970    3     2.62    0
 1153 Guajira2        1 01/01/1970    4     2.89    0
 1153 Guajira2        1 01/01/1970    5     2.75    0
 1154 RioCordoba1     1 01/01/1970    1    15.08    0
 1154 RioCordoba1     1 01/01/1970    2    15.84    0
 1154 RioCordoba1     1 01/01/1970    3    15.18    0
 1154 RioCordoba1     1 01/01/1970    4    12.38    0
 1154 RioCordoba1     1 01/01/1970    5    12.49    0
 1157 SantaMarta2     1 01/01/1970    1    28.59    0
 1157 SantaMarta2     1 01/01/1970    2    23.26    0
 1157 SantaMarta2     1 01/01/1970    3     25.9    0
 1157 SantaMarta2     1 01/01/1970    4     21.5    0
 1157 SantaMarta2     1 01/01/1970    5    21.47    0
 1158 Valledupar1     1 01/01/1970    1    40.17    0
 1158 Valledupar1     1 01/01/1970    2    36.53    0
 1158 Valledupar1     1 01/01/1970    3     29.6    0
 1158 Valledupar1     1 01/01/1970    4    39.28    0
 1158 Valledupar1     1 01/01/1970    5    33.88    0
 1160 ElBanco110      1 01/01/1970    1    24.38    0
 1160 ElBanco110      1 01/01/1970    2    19.87    0
 1160 ElBanco110      1 01/01/1970    3    17.59    0
 1160 ElBanco110      1 01/01/1970    4    22.94    0
 1160 ElBanco110      1 01/01/1970    5    21.25    0
 1163 Guatapruri3     1 01/01/1970    1    33.16    0
 1163 Guatapruri3     1 01/01/1970    2    36.87    0
 1163 Guatapruri3     1 01/01/1970    3    32.42    0
 1163 Guatapruri3     1 01/01/1970    4    32.54    0
 1163 Guatapruri3     1 01/01/1970    5    27.27    0
 1166 Manzanares21    1 01/01/1970    1    75.65    0
 1166 Manzanares21    1 01/01/1970    2     81.7    0
 1166 Manzanares21    1 01/01/1970    3    70.71    0
 1166 Manzanares21    1 01/01/1970    4    72.05    0
 1166 Manzanares21    1 01/01/1970    5    62.14    0
 1167 Cienaga110      1 01/01/1970    1    25.29    0
 1167 Cienaga110      1 01/01/1970    2    19.58    0
 1167 Cienaga110      1 01/01/1970    3    17.07    0
 1167 Cienaga110      1 01/01/1970    4    24.55    0
 1167 Cienaga110      1 01/01/1970    5     22.1    0
 1171 CodazziGCM1     1 01/01/1970    1    16.57    0
 1171 CodazziGCM1     1 01/01/1970    2    14.83    0
 1171 CodazziGCM1     1 01/01/1970    3    12.42    0
 1171 CodazziGCM1     1 01/01/1970    4    16.44    0
 1171 CodazziGCM1     1 01/01/1970    5     14.9    0
 1172 Libertad110     1 01/01/1970    1     40.6    0
 1172 Libertad110     1 01/01/1970    2    39.82    0
 1172 Libertad110     1 01/01/1970    3    32.05    0
 1172 Libertad110     1 01/01/1970    4    43.15    0
 1172 Libertad110     1 01/01/1970    5    36.94    0
 1173 Maicao110       1 01/01/1970    1    23.77    0
 1173 Maicao110       1 01/01/1970    2    20.49    0
 1173 Maicao110       1 01/01/1970    3    17.29    0
 1173 Maicao110       1 01/01/1970    4    23.86    0
 1173 Maicao110       1 01/01/1970    5    21.54    0
 1174 Riohacha110     1 01/01/1970    1    39.52    0
 1174 Riohacha110     1 01/01/1970    2    39.25    0
 1174 Riohacha110     1 01/01/1970    3    33.03    0
 1174 Riohacha110     1 01/01/1970    4    38.71    0
 1174 Riohacha110     1 01/01/1970    5    33.32    0
 1175 SanJuan110      1 01/01/1970    1    50.61    0
 1175 SanJuan110      1 01/01/1970    2     47.8    0
 1175 SanJuan110      1 01/01/1970    3    38.56    0
 1175 SanJuan110      1 01/01/1970    4    47.02    0
 1175 SanJuan110      1 01/01/1970    5     41.3    0
 1181 Cuestecitas1    1 01/01/1970    1     15.3    0
 1181 Cuestecitas1    1 01/01/1970    2    11.07    0
 1181 Cuestecitas1    1 01/01/1970    3    14.55    0
 1181 Cuestecitas1    1 01/01/1970    4     9.57    0
 1181 Cuestecitas1    1 01/01/1970    5     10.4    0
 1182 Gaira110        1 01/01/1970    1    30.51    0
 1182 Gaira110        1 01/01/1970    2    29.07    0
 1182 Gaira110        1 01/01/1970    3    24.82    0
 1182 Gaira110        1 01/01/1970    4    27.53    0
 1182 Gaira110        1 01/01/1970    5    24.11    0
 1183 LaJagua110      1 01/01/1970    1    21.77    0
 1183 LaJagua110      1 01/01/1970    2    18.62    0
 1183 LaJagua110      1 01/01/1970    3    16.84    0
 1183 LaJagua110      1 01/01/1970    4    22.15    0
 1183 LaJagua110      1 01/01/1970    5    20.75    0
 1184 MinaInter1    501 01/01/1970    1    37.16    0
 1184 MinaInter1    501 01/01/1970    2    37.16    0
 1184 MinaInter1    501 01/01/1970    3    37.16    0
 1184 MinaInter1    501 01/01/1970    4    37.16    0
 1184 MinaInter1    501 01/01/1970    5    37.16    0
 1197 Aguazul1        1 01/01/1970    1    13.08    0
 1197 Aguazul1        1 01/01/1970    2    11.91    0
 1197 Aguazul1        1 01/01/1970    3    11.79    0
 1197 Aguazul1        1 01/01/1970    4     8.34    0
 1197 Aguazul1        1 01/01/1970    5     7.28    0
 1209 Corocora2       1 30/06/2013    1       0.    0
 1209 Corocora2       1 30/06/2013    2       0.    0
 1209 Corocora2       1 30/06/2013    3       0.    0
 1209 Corocora2       1 30/06/2013    4       0.    0
 1209 Corocora2       1 30/06/2013    5       0.    0
 1212 Jaguey2         1 30/06/2013    1    116.5    0
 1212 Jaguey2         1 30/06/2013    2     113.    0
 1212 Jaguey2         1 30/06/2013    3     113.    0
 1212 Jaguey2         1 30/06/2013    4     113.    0
 1212 Jaguey2         1 30/06/2013    5     113.    0
 1192 Oriente1        1 28/02/2014    1    21.42    0
 1192 Oriente1        1 28/02/2014    2    21.42    0
 1192 Oriente1        1 28/02/2014    3      21.    0
 1192 Oriente1        1 28/02/2014    4    21.42    0
 1192 Oriente1        1 28/02/2014    5      21.    0
 1193 Mojana1         1 28/02/2014    1       8.    0
 1193 Mojana1         1 28/02/2014    2     5.97    0
 1193 Mojana1         1 28/02/2014    3     6.08    0
 1193 Mojana1         1 28/02/2014    4     6.35    0
 1193 Mojana1         1 28/02/2014    5     5.96    0
 1304 DrumondT2     501 30/04/2014    1      40.    0
 1304 DrumondT2     501 30/04/2014    2      40.    0
 1304 DrumondT2     501 30/04/2014    3      40.    0
 1304 DrumondT2     501 30/04/2014    4      40.    0
 1304 DrumondT2     501 30/04/2014    5      40.    0
  211 Hobo115         1 15/07/2015    1      25.    0
  211 Hobo115         1 15/07/2015    2      25.    0
  211 Hobo115         1 15/07/2015    3      25.    0
  211 Hobo115         1 15/07/2015    4      25.    0
  211 Hobo115         1 15/07/2015    5      25.    0
 1240 Ecopetrol2    501 29/02/2016    1      40.    0
 1240 Ecopetrol2    501 29/02/2016    2      40.    0
 1240 Ecopetrol2    501 29/02/2016    3      40.    0
 1240 Ecopetrol2    501 29/02/2016    4      40.    0
 1240 Ecopetrol2    501 29/02/2016    5      40.    0
 1247 JuanMina1       1 30/05/2016    1      20.    0
 1247 JuanMina1       1 30/05/2016    2      20.    0
 1247 JuanMina1       1 30/05/2016    3      20.    0
 1247 JuanMina1       1 30/05/2016    4      20.    0
 1247 JuanMina1       1 30/05/2016    5      20.    0
 1245 Campobonito1    1 01/08/2016    1     0.46    0
 1245 Campobonito1    1 01/08/2016    2     0.43    0
 1245 Campobonito1    1 01/08/2016    3     0.43    0
 1245 Campobonito1    1 01/08/2016    4     0.43    0
 1245 Campobonito1    1 01/08/2016    5     0.43    0
 1218 Guapi1          1 30/09/2018    1      11.    0
 1218 Guapi1          1 30/09/2018    2      11.    0
 1218 Guapi1          1 30/09/2018    3      11.    0
 1218 Guapi1          1 30/09/2018    4      11.    0
 1218 Guapi1          1 30/09/2018    5      11.    0
 1219 Olaya1          1 30/09/2018    1       5.    0
 1219 Olaya1          1 30/09/2018    2       5.    0
 1219 Olaya1          1 30/09/2018    3       5.    0
 1219 Olaya1          1 30/09/2018    4       5.    0
 1219 Olaya1          1 30/09/2018    5       5.    0
 1239 Drummond5     501 31/12/2025    1     120.    0
 1239 Drummond5     501 31/12/2025    2     120.    0
 1239 Drummond5     501 31/12/2025    3     120.    0
 1239 Drummond5     501 31/12/2025    4     120.    0
 1239 Drummond5     501 31/12/2025    5     120.    0
 1265 Manzanillo6     1 31/12/2037    1    10.52    0
 1265 Manzanillo6     1 31/12/2037    2    10.52    0
 1265 Manzanillo6     1 31/12/2037    3    10.52    0
 1265 Manzanillo6     1 31/12/2037    4    10.52    0
 1265 Manzanillo6     1 31/12/2037    5    10.52    0
 1262 Araguaney1      1 31/12/2099    1      23.    0
 1262 Araguaney1      1 31/12/2099    2      23.    0
 1262 Araguaney1      1 31/12/2099    3      23.    0
 1262 Araguaney1      1 31/12/2099    4      23.    0
 1262 Araguaney1      1 31/12/2099    5      23.    0
