NUM: 101 URRA                  Penal: 0        -1.
A~NO ....1 ....2 ....3 ....4 ....5 ....6 ....7 ....8 ....9 ...10 ...11 ...12 ...13 ...14 ...15 ...16 ...17 ...18 ...19 ...20 ...21 ...22 ...23 ...24 ...25 ...26 ...27 ...28 ...29 ...30 ...31 ...32 ...33 ...34 ...35 ...36 ...37 ...38 ...39 ...40 ...41 ...42 ...43 ...44 ...45 ...46 ...47 ...48 ...49 ...50 ...51 ...52
2019    0.    0.    0.    0.    0.    0.    0.    0.    0. 14.61 14.61 14.61 14.61 23.31 23.31 23.31 23.31 21.05 21.05 21.05 21.05 21.05 15.89 15.89 15.89 15.89  7.24  7.24  7.24  7.24  2.97  2.97  2.97  2.97  2.97    0.    0.    0.    0.    0.    0.    0.    0.    0.    0.    0.    0.    0.    0.    0.    0.    0.
2020    0.    0.    0.    0.    0.    0.    0.    0.    0. 14.61 14.61 14.61 14.61 23.31 23.31 23.31 23.31 21.05 21.05 21.05 21.05 21.05 15.89 15.89 15.89 15.89  7.24  7.24  7.24  7.24  2.97  2.97  2.97  2.97  2.97    0.    0.    0.    0.    0.    0.    0.    0.    0.    0.    0.    0.    0.    0.    0.    0.    0.
2021    0.    0.    0.    0.    0.    0.    0.    0.    0. 14.61 14.61 14.61 14.61 23.31 23.31 23.31 23.31 21.05 21.05 21.05 21.05 21.05 15.89 15.89 15.89 15.89  7.24  7.24  7.24  7.24  2.97  2.97  2.97  2.97  2.97    0.    0.    0.    0.    0.    0.    0.    0.    0.    0.    0.    0.    0.    0.    0.    0.    0.
2022    0.    0.    0.    0.    0.    0.    0.    0.    0. 14.61 14.61 14.61 14.61 23.31 23.31 23.31 23.31 21.05 21.05 21.05 21.05 21.05 15.89 15.89 15.89 15.89  7.24  7.24  7.24  7.24  2.97  2.97  2.97  2.97  2.97    0.    0.    0.    0.    0.    0.    0.    0.    0.    0.    0.    0.    0.    0.    0.    0.    0.
NUM: 102 GUATAPE               Penal: 0         0.
A~NO ....1 ....2 ....3 ....4 ....5 ....6 ....7 ....8 ....9 ...10 ...11 ...12 ...13 ...14 ...15 ...16 ...17 ...18 ...19 ...20 ...21 ...22 ...23 ...24 ...25 ...26 ...27 ...28 ...29 ...30 ...31 ...32 ...33 ...34 ...35 ...36 ...37 ...38 ...39 ...40 ...41 ...42 ...43 ...44 ...45 ...46 ...47 ...48 ...49 ...50 ...51 ...52
2018                                                                                                                                                                                                                                                                                                                        
2019  7.35  7.35  7.35  7.35  7.35  7.86  7.86  7.86  7.86  8.77  8.77  8.77  8.77  7.75  7.75  7.75  7.75  9.26  9.26  9.26  9.26  9.26  8.32  8.32  8.32  8.32  8.69  8.69  8.69  8.69  8.51  8.51  8.51  8.51  8.51  8.38  8.38  8.38  8.38  7.26  7.26  7.26  7.26  7.26  7.03  7.03  7.03  7.03   5.2   5.2   5.2   5.2
2020  7.35  7.35  7.35  7.35  7.35  7.86  7.86  7.86  7.86  8.77  8.77  8.77  8.77  7.75  7.75  7.75  7.75  9.26  9.26  9.26  9.26  9.26  8.32  8.32  8.32  8.32  8.69  8.69  8.69  8.69  8.51  8.51  8.51  8.51  8.51  8.38  8.38  8.38  8.38  7.26  7.26  7.26  7.26  7.26  7.03  7.03  7.03  7.03   5.2   5.2   5.2   5.2
2021  7.35  7.35  7.35  7.35  7.35  7.86  7.86  7.86  7.86  8.77  8.77  8.77  8.77  7.75  7.75  7.75  7.75  9.26  9.26  9.26  9.26  9.26  8.32  8.32  8.32  8.32  8.69  8.69  8.69  8.69  8.51  8.51  8.51  8.51  8.51  8.38  8.38  8.38  8.38  7.26  7.26  7.26  7.26  7.26  7.03  7.03  7.03  7.03   5.2   5.2   5.2   5.2
2022  7.35  7.35  7.35  7.35  7.35  7.86  7.86  7.86  7.86  8.77  8.77  8.77  8.77  7.75  7.75  7.75  7.75  9.26  9.26  9.26  9.26  9.26  8.32  8.32  8.32  8.32  8.69  8.69  8.69  8.69  8.51  8.51  8.51  8.51  8.51  8.38  8.38  8.38  8.38  7.26  7.26  7.26  7.26  7.26  7.03  7.03  7.03  7.03   5.2   5.2   5.2   5.2
2023  7.35  7.35  7.35  7.35  7.35  7.86  7.86  7.86  7.86  8.77  8.77  8.77  8.77  7.75  7.75  7.75  7.75  9.26  9.26  9.26  9.26  9.26  8.32  8.32  8.32  8.32  8.69  8.69  8.69  8.69  8.51  8.51  8.51  8.51  8.51  8.38  8.38  8.38  8.38  7.26  7.26  7.26  7.26  7.26  7.03  7.03  7.03  7.03   5.2   5.2   5.2   5.2
NUM: 213 GUAVIO                Penal: 0         0.
A~NO ....1 ....2 ....3 ....4 ....5 ....6 ....7 ....8 ....9 ...10 ...11 ...12 ...13 ...14 ...15 ...16 ...17 ...18 ...19 ...20 ...21 ...22 ...23 ...24 ...25 ...26 ...27 ...28 ...29 ...30 ...31 ...32 ...33 ...34 ...35 ...36 ...37 ...38 ...39 ...40 ...41 ...42 ...43 ...44 ...45 ...46 ...47 ...48 ...49 ...50 ...51 ...52
2018  0.54  0.54  0.54  0.54  0.54  1.23  1.23  1.23  1.23  1.62  1.62  1.62  1.62  1.58  1.58  1.58  1.58  1.18  1.18  1.18  1.18  1.18   0.6   0.6   0.6   0.6    0.    0.    0.    0.    0.    0.    0.    0.    0.    0.    0.    0.    0.    0.    0.    0.    0.    0.    0.    0.    0.    0.    0.    0.    0.    0.
2019  0.54  0.54  0.54  0.54  0.54  1.23  1.23  1.23  1.23  1.62  1.62  1.62  1.62  1.58  1.58  1.58  1.58  1.18  1.18  1.18  1.18  1.18   0.6   0.6   0.6   0.6    0.    0.    0.    0.    0.    0.    0.    0.    0.    0.    0.    0.    0.    0.    0.    0.    0.    0.    0.    0.    0.    0.    0.    0.    0.    0.
2020  0.54  0.54  0.54  0.54  0.54  1.23  1.23  1.23  1.23  1.62  1.62  1.62  1.62  1.58  1.58  1.58  1.58  1.18  1.18  1.18  1.18  1.18   0.6   0.6   0.6   0.6    0.    0.    0.    0.    0.    0.    0.    0.    0.    0.    0.    0.    0.    0.    0.    0.    0.    0.    0.    0.    0.    0.    0.    0.    0.    0.
2021  0.54  0.54  0.54  0.54  0.54  1.23  1.23  1.23  1.23  1.62  1.62  1.62  1.62  1.58  1.58  1.58  1.58  1.18  1.18  1.18  1.18  1.18   0.6   0.6   0.6   0.6    0.    0.    0.    0.    0.    0.    0.    0.    0.    0.    0.    0.    0.    0.    0.    0.    0.    0.    0.    0.    0.    0.    0.    0.    0.    0.
2022  0.54  0.54  0.54  0.54  0.54  1.23  1.23  1.23  1.23  1.62  1.62  1.62  1.62  1.58  1.58  1.58  1.58  1.18  1.18  1.18  1.18  1.18   0.6   0.6   0.6   0.6    0.    0.    0.    0.    0.    0.    0.    0.    0.    0.    0.    0.    0.    0.    0.    0.    0.    0.    0.    0.    0.    0.    0.    0.    0.    0.
2023  0.54  0.54  0.54  0.54  0.54  1.23  1.23  1.23  1.23  1.62  1.62  1.62  1.62  1.58  1.58  1.58  1.58  1.18  1.18  1.18  1.18  1.18   0.6   0.6   0.6   0.6    0.    0.    0.    0.    0.    0.    0.    0.    0.    0.    0.    0.    0.    0.    0.    0.    0.    0.    0.    0.    0.    0.    0.    0.    0.    0.
NUM: 308 RB ESPI-ALIC          Penal: 0         0.
A~NO ....1 ....2 ....3 ....4 ....5 ....6 ....7 ....8 ....9 ...10 ...11 ...12 ...13 ...14 ...15 ...16 ...17 ...18 ...19 ...20 ...21 ...22 ...23 ...24 ...25 ...26 ...27 ...28 ...29 ...30 ...31 ...32 ...33 ...34 ...35 ...36 ...37 ...38 ...39 ...40 ...41 ...42 ...43 ...44 ...45 ...46 ...47 ...48 ...49 ...50 ...51 ...52
2018                                                                                                                                                                                                                                                                                                                        
2019  4.62  4.62  4.62  4.62  4.62  4.27  4.27  4.27  4.27  5.04  5.04  5.04  5.04  9.61  9.61  9.61  9.61 11.68 11.68 11.68 11.68 11.68 12.78 12.78 12.78 12.78 11.84 11.84 11.84 11.84  7.88  7.88  7.88  7.88  7.88  4.95  4.95  4.95  4.95 10.35 10.35 10.35 10.35 10.35 11.89 11.89 11.89 11.89  9.35  9.35  9.35  9.35
2020  4.62  4.62  4.62  4.62  4.62  4.27  4.27  4.27  4.27  5.04  5.04  5.04  5.04  9.61  9.61  9.61  9.61 11.68 11.68 11.68 11.68 11.68 12.78 12.78 12.78 12.78 11.84 11.84 11.84 11.84  7.88  7.88  7.88  7.88  7.88  4.95  4.95  4.95  4.95 10.35 10.35 10.35 10.35 10.35 11.89 11.89 11.89 11.89  9.35  9.35  9.35  9.35
2021  4.62  4.62  4.62  4.62  4.62  4.27  4.27  4.27  4.27  5.04  5.04  5.04  5.04  9.61  9.61  9.61  9.61 11.68 11.68 11.68 11.68 11.68 12.78 12.78 12.78 12.78 11.84 11.84 11.84 11.84  7.88  7.88  7.88  7.88  7.88  4.95  4.95  4.95  4.95 10.35 10.35 10.35 10.35 10.35 11.89 11.89 11.89 11.89  9.35  9.35  9.35  9.35
2022  4.62  4.62  4.62  4.62  4.62  4.27  4.27  4.27  4.27  5.04  5.04  5.04  5.04  9.61  9.61  9.61  9.61 11.68 11.68 11.68 11.68 11.68 12.78 12.78 12.78 12.78 11.84 11.84 11.84 11.84  7.88  7.88  7.88  7.88  7.88  4.95  4.95  4.95  4.95 10.35 10.35 10.35 10.35 10.35 11.89 11.89 11.89 11.89  9.35  9.35  9.35  9.35
2023  4.62  4.62  4.62  4.62  4.62  4.27  4.27  4.27  4.27  5.04  5.04  5.04  5.04  9.61  9.61  9.61  9.61 11.68 11.68 11.68 11.68 11.68 12.78 12.78 12.78 12.78 11.84 11.84 11.84 11.84  7.88  7.88  7.88  7.88  7.88  4.95  4.95  4.95  4.95 10.35 10.35 10.35 10.35 10.35 11.89 11.89 11.89 11.89  9.35  9.35  9.35  9.35
NUM: 399 EL QUIMBO             Penal: 0         0.
A~NO ....1 ....2 ....3 ....4 ....5 ....6 ....7 ....8 ....9 ...10 ...11 ...12 ...13 ...14 ...15 ...16 ...17 ...18 ...19 ...20 ...21 ...22 ...23 ...24 ...25 ...26 ...27 ...28 ...29 ...30 ...31 ...32 ...33 ...34 ...35 ...36 ...37 ...38 ...39 ...40 ...41 ...42 ...43 ...44 ...45 ...46 ...47 ...48 ...49 ...50 ...51 ...52
2018                                                                                                                                                                                                                                                                                                                        
2019  7.97  7.97  7.97  7.97  7.97 10.85 10.85 10.85 10.85  6.08  6.08  6.08  6.08  6.98  6.98  6.98  6.98  3.99  3.99  3.99  3.99  3.99  4.71  4.71  4.71  4.71  7.83  7.83  7.83  7.83  9.31  9.31  9.31  9.31  9.31  8.46  8.46  8.46  8.46  9.36  9.36  9.36  9.36  9.36  2.49  2.49  2.49  2.49  4.94  4.94  4.94  4.94
2020  7.97  7.97  7.97  7.97  7.97 10.85 10.85 10.85 10.85  6.08  6.08  6.08  6.08  6.98  6.98  6.98  6.98  3.99  3.99  3.99  3.99  3.99  4.71  4.71  4.71  4.71  7.83  7.83  7.83  7.83  9.31  9.31  9.31  9.31  9.31  8.46  8.46  8.46  8.46  9.36  9.36  9.36  9.36  9.36  2.49  2.49  2.49  2.49  4.94  4.94  4.94  4.94
2021  7.97  7.97  7.97  7.97  7.97 10.85 10.85 10.85 10.85  6.08  6.08  6.08  6.08  6.98  6.98  6.98  6.98  3.99  3.99  3.99  3.99  3.99  4.71  4.71  4.71  4.71  7.83  7.83  7.83  7.83  9.31  9.31  9.31  9.31  9.31  8.46  8.46  8.46  8.46  9.36  9.36  9.36  9.36  9.36  2.49  2.49  2.49  2.49  4.94  4.94  4.94  4.94
2022  7.97  7.97  7.97  7.97  7.97 10.85 10.85 10.85 10.85  6.08  6.08  6.08  6.08  6.98  6.98  6.98  6.98  3.99  3.99  3.99  3.99  3.99  4.71  4.71  4.71  4.71  7.83  7.83  7.83  7.83  9.31  9.31  9.31  9.31  9.31  8.46  8.46  8.46  8.46  9.36  9.36  9.36  9.36  9.36  2.49  2.49  2.49  2.49  4.94  4.94  4.94  4.94
2023  7.97  7.97  7.97  7.97  7.97 10.85 10.85 10.85 10.85  6.08  6.08  6.08  6.08  6.98  6.98  6.98  6.98  3.99  3.99  3.99  3.99  3.99  4.71  4.71  4.71  4.71  7.83  7.83  7.83  7.83  9.31  9.31  9.31  9.31  9.31  8.46  8.46  8.46  8.46  9.36  9.36  9.36  9.36  9.36  2.49  2.49  2.49  2.49  4.94  4.94  4.94  4.94
NUM: 403 CHIVOR                Penal: 0         0.
A~NO ....1 ....2 ....3 ....4 ....5 ....6 ....7 ....8 ....9 ...10 ...11 ...12 ...13 ...14 ...15 ...16 ...17 ...18 ...19 ...20 ...21 ...22 ...23 ...24 ...25 ...26 ...27 ...28 ...29 ...30 ...31 ...32 ...33 ...34 ...35 ...36 ...37 ...38 ...39 ...40 ...41 ...42 ...43 ...44 ...45 ...46 ...47 ...48 ...49 ...50 ...51 ...52
2018   4.6   4.6   4.6   4.6   4.6  5.43  5.43  5.43  5.43  7.21  7.21  7.21  7.21  7.95  7.95  7.95  7.95  6.11  6.11  6.11  6.11  6.11  6.42  6.42  6.42  6.42  6.54  6.54  6.54  6.54  6.39  6.39  6.39  6.39  6.39  4.94  4.94  4.94  4.94  4.75  4.75  4.75  4.75  4.75  4.12  4.12  4.12  4.12  4.15  4.15  4.15  4.15
2019   4.6   4.6   4.6   4.6   4.6  5.43  5.43  5.43  5.43  7.21  7.21  7.21  7.21  7.95  7.95  7.95  7.95  6.11  6.11  6.11  6.11  6.11  6.42  6.42  6.42  6.42  6.54  6.54  6.54  6.54  6.39  6.39  6.39  6.39  6.39  4.94  4.94  4.94  4.94  4.75  4.75  4.75  4.75  4.75  4.12  4.12  4.12  4.12  4.15  4.15  4.15  4.15
2020   4.6   4.6   4.6   4.6   4.6  5.43  5.43  5.43  5.43  7.21  7.21  7.21  7.21  7.95  7.95  7.95  7.95  6.11  6.11  6.11  6.11  6.11  6.42  6.42  6.42  6.42  6.54  6.54  6.54  6.54  6.39  6.39  6.39  6.39  6.39  4.94  4.94  4.94  4.94  4.75  4.75  4.75  4.75  4.75  4.12  4.12  4.12  4.12  4.15  4.15  4.15  4.15
2021   4.6   4.6   4.6   4.6   4.6  5.43  5.43  5.43  5.43  7.21  7.21  7.21  7.21  7.95  7.95  7.95  7.95  6.11  6.11  6.11  6.11  6.11  6.42  6.42  6.42  6.42  6.54  6.54  6.54  6.54  6.39  6.39  6.39  6.39  6.39  4.94  4.94  4.94  4.94  4.75  4.75  4.75  4.75  4.75  4.12  4.12  4.12  4.12  4.15  4.15  4.15  4.15
2022   4.6   4.6   4.6   4.6   4.6  5.43  5.43  5.43  5.43  7.21  7.21  7.21  7.21  7.95  7.95  7.95  7.95  6.11  6.11  6.11  6.11  6.11  6.42  6.42  6.42  6.42  6.54  6.54  6.54  6.54  6.39  6.39  6.39  6.39  6.39  4.94  4.94  4.94  4.94  4.75  4.75  4.75  4.75  4.75  4.12  4.12  4.12  4.12  4.15  4.15  4.15  4.15
2023   4.6   4.6   4.6   4.6   4.6  5.43  5.43  5.43  5.43  7.21  7.21  7.21  7.21  7.95  7.95  7.95  7.95  6.11  6.11  6.11  6.11  6.11  6.42  6.42  6.42  6.42  6.54  6.54  6.54  6.54  6.39  6.39  6.39  6.39  6.39  4.94  4.94  4.94  4.94  4.75  4.75  4.75  4.75  4.75  4.12  4.12  4.12  4.12  4.15  4.15  4.15  4.15
NUM: 404 PRADO                 Penal: 0        -1.
A~NO ....1 ....2 ....3 ....4 ....5 ....6 ....7 ....8 ....9 ...10 ...11 ...12 ...13 ...14 ...15 ...16 ...17 ...18 ...19 ...20 ...21 ...22 ...23 ...24 ...25 ...26 ...27 ...28 ...29 ...30 ...31 ...32 ...33 ...34 ...35 ...36 ...37 ...38 ...39 ...40 ...41 ...42 ...43 ...44 ...45 ...46 ...47 ...48 ...49 ...50 ...51 ...52
2019  1.03  1.03  1.03  1.03  1.03  1.33  1.33  1.33  1.33  2.36  2.36  2.36  2.36  0.83  0.83  0.83  0.83  1.41  1.41  1.41  1.41  1.41  1.87  1.87  1.87  1.87  3.21  3.21  3.21  3.21  2.93  2.93  2.93  2.93  2.93  2.08  2.08  2.08  2.08  1.92  1.92  1.92  1.92  1.92  1.01  1.01  1.01  1.01  0.01  0.01  0.01  0.01
2020  1.03  1.03  1.03  1.03  1.03  1.33  1.33  1.33  1.33  2.36  2.36  2.36  2.36  0.83  0.83  0.83  0.83  1.41  1.41  1.41  1.41  1.41  1.87  1.87  1.87  1.87  3.21  3.21  3.21  3.21  2.93  2.93  2.93  2.93  2.93  2.08  2.08  2.08  2.08  1.92  1.92  1.92  1.92  1.92  1.01  1.01  1.01  1.01  0.01  0.01  0.01  0.01
2021  1.03  1.03  1.03  1.03  1.03  1.33  1.33  1.33  1.33  2.36  2.36  2.36  2.36  0.83  0.83  0.83  0.83  1.41  1.41  1.41  1.41  1.41  1.87  1.87  1.87  1.87  3.21  3.21  3.21  3.21  2.93  2.93  2.93  2.93  2.93  2.08  2.08  2.08  2.08  1.92  1.92  1.92  1.92  1.92  1.01  1.01  1.01  1.01  0.01  0.01  0.01  0.01
2022  1.03  1.03  1.03  1.03  1.03  1.33  1.33  1.33  1.33  2.36  2.36  2.36  2.36  0.83  0.83  0.83  0.83  1.41  1.41  1.41  1.41  1.41  1.87  1.87  1.87  1.87  3.21  3.21  3.21  3.21  2.93  2.93  2.93  2.93  2.93  2.08  2.08  2.08  2.08  1.92  1.92  1.92  1.92  1.92  1.01  1.01  1.01  1.01  0.01  0.01  0.01  0.01
NUM: 409 ALTOANCHICAY          Penal: 0        -1.
A~NO ....1 ....2 ....3 ....4 ....5 ....6 ....7 ....8 ....9 ...10 ...11 ...12 ...13 ...14 ...15 ...16 ...17 ...18 ...19 ...20 ...21 ...22 ...23 ...24 ...25 ...26 ...27 ...28 ...29 ...30 ...31 ...32 ...33 ...34 ...35 ...36 ...37 ...38 ...39 ...40 ...41 ...42 ...43 ...44 ...45 ...46 ...47 ...48 ...49 ...50 ...51 ...52
2019  3.19  3.19  3.19  3.19  3.19  2.85  2.85  2.85  2.85   2.7   2.7   2.7   2.7  3.45  3.45  3.45  3.45   3.9   3.9   3.9   3.9   3.9   2.9   2.9   2.9   2.9  2.39  2.39  2.39  2.39   1.9   1.9   1.9   1.9   1.9  2.69  2.69  2.69  2.69  4.54  4.54  4.54  4.54  4.54  4.51  4.51  4.51  4.51  3.76  3.76  3.76  3.76
2020  3.19  3.19  3.19  3.19  3.19  2.85  2.85  2.85  2.85   2.7   2.7   2.7   2.7  3.45  3.45  3.45  3.45   3.9   3.9   3.9   3.9   3.9   2.9   2.9   2.9   2.9  2.39  2.39  2.39  2.39   1.9   1.9   1.9   1.9   1.9  2.69  2.69  2.69  2.69  4.54  4.54  4.54  4.54  4.54  4.51  4.51  4.51  4.51  3.76  3.76  3.76  3.76
2021  3.19  3.19  3.19  3.19  3.19  2.85  2.85  2.85  2.85   2.7   2.7   2.7   2.7  3.45  3.45  3.45  3.45   3.9   3.9   3.9   3.9   3.9   2.9   2.9   2.9   2.9  2.39  2.39  2.39  2.39   1.9   1.9   1.9   1.9   1.9  2.69  2.69  2.69  2.69  4.54  4.54  4.54  4.54  4.54  4.51  4.51  4.51  4.51  3.76  3.76  3.76  3.76
2022  3.19  3.19  3.19  3.19  3.19  2.85  2.85  2.85  2.85   2.7   2.7   2.7   2.7  3.45  3.45  3.45  3.45   3.9   3.9   3.9   3.9   3.9   2.9   2.9   2.9   2.9  2.39  2.39  2.39  2.39   1.9   1.9   1.9   1.9   1.9  2.69  2.69  2.69  2.69  4.54  4.54  4.54  4.54  4.54  4.51  4.51  4.51  4.51  3.76  3.76  3.76  3.76
NUM: 412 CALIMA                Penal: 0        -1.
A~NO ....1 ....2 ....3 ....4 ....5 ....6 ....7 ....8 ....9 ...10 ...11 ...12 ...13 ...14 ...15 ...16 ...17 ...18 ...19 ...20 ...21 ...22 ...23 ...24 ...25 ...26 ...27 ...28 ...29 ...30 ...31 ...32 ...33 ...34 ...35 ...36 ...37 ...38 ...39 ...40 ...41 ...42 ...43 ...44 ...45 ...46 ...47 ...48 ...49 ...50 ...51 ...52
2019  0.36  0.36  0.36  0.36  0.36  0.34  0.34  0.34  0.34  0.68  0.68  0.68  0.68  0.44  0.44  0.44  0.44  0.49  0.49  0.49  0.49  0.49  0.44  0.44  0.44  0.44  0.37  0.37  0.37  0.37  0.41  0.41  0.41  0.41  0.41  0.54  0.54  0.54  0.54  0.52  0.52  0.52  0.52  0.52  0.34  0.34  0.34  0.34  0.26  0.26  0.26  0.26
2020  0.36  0.36  0.36  0.36  0.36  0.34  0.34  0.34  0.34  0.68  0.68  0.68  0.68  0.44  0.44  0.44  0.44  0.49  0.49  0.49  0.49  0.49  0.44  0.44  0.44  0.44  0.37  0.37  0.37  0.37  0.41  0.41  0.41  0.41  0.41  0.54  0.54  0.54  0.54  0.52  0.52  0.52  0.52  0.52  0.34  0.34  0.34  0.34  0.26  0.26  0.26  0.26
2021  0.36  0.36  0.36  0.36  0.36  0.34  0.34  0.34  0.34  0.68  0.68  0.68  0.68  0.44  0.44  0.44  0.44  0.49  0.49  0.49  0.49  0.49  0.44  0.44  0.44  0.44  0.37  0.37  0.37  0.37  0.41  0.41  0.41  0.41  0.41  0.54  0.54  0.54  0.54  0.52  0.52  0.52  0.52  0.52  0.34  0.34  0.34  0.34  0.26  0.26  0.26  0.26
2022  0.36  0.36  0.36  0.36  0.36  0.34  0.34  0.34  0.34  0.68  0.68  0.68  0.68  0.44  0.44  0.44  0.44  0.49  0.49  0.49  0.49  0.49  0.44  0.44  0.44  0.44  0.37  0.37  0.37  0.37  0.41  0.41  0.41  0.41  0.41  0.54  0.54  0.54  0.54  0.52  0.52  0.52  0.52  0.52  0.34  0.34  0.34  0.34  0.26  0.26  0.26  0.26
NUM: 414 SALVAJINA             Penal: 0        -1.
A~NO ....1 ....2 ....3 ....4 ....5 ....6 ....7 ....8 ....9 ...10 ...11 ...12 ...13 ...14 ...15 ...16 ...17 ...18 ...19 ...20 ...21 ...22 ...23 ...24 ...25 ...26 ...27 ...28 ...29 ...30 ...31 ...32 ...33 ...34 ...35 ...36 ...37 ...38 ...39 ...40 ...41 ...42 ...43 ...44 ...45 ...46 ...47 ...48 ...49 ...50 ...51 ...52
2019    0.    0.    0.    0.    0.    0.    0.    0.    0.  3.14  3.14  3.14  3.14  2.65  2.65  2.65  2.65    0.    0.    0.    0.    0.    0.    0.    0.    0.    0.    0.    0.    0.    0.    0.    0.    0.    0.  6.19  6.19  6.19  6.19  8.57  8.57  8.57  8.57  8.57  5.46  5.46  5.46  5.46    0.    0.    0.    0.
2020    0.    0.    0.    0.    0.    0.    0.    0.    0.  3.14  3.14  3.14  3.14  2.65  2.65  2.65  2.65    0.    0.    0.    0.    0.    0.    0.    0.    0.    0.    0.    0.    0.    0.    0.    0.    0.    0.  6.19  6.19  6.19  6.19  8.57  8.57  8.57  8.57  8.57  5.46  5.46  5.46  5.46    0.    0.    0.    0.
2021    0.    0.    0.    0.    0.    0.    0.    0.    0.  3.14  3.14  3.14  3.14  2.65  2.65  2.65  2.65    0.    0.    0.    0.    0.    0.    0.    0.    0.    0.    0.    0.    0.    0.    0.    0.    0.    0.  6.19  6.19  6.19  6.19  8.57  8.57  8.57  8.57  8.57  5.46  5.46  5.46  5.46    0.    0.    0.    0.
2022    0.    0.    0.    0.    0.    0.    0.    0.    0.  3.14  3.14  3.14  3.14  2.65  2.65  2.65  2.65    0.    0.    0.    0.    0.    0.    0.    0.    0.    0.    0.    0.    0.    0.    0.    0.    0.    0.  6.19  6.19  6.19  6.19  8.57  8.57  8.57  8.57  8.57  5.46  5.46  5.46  5.46    0.    0.    0.    0.
NUM: 504 MIEL I                Penal: 0        -1.
A~NO ....1 ....2 ....3 ....4 ....5 ....6 ....7 ....8 ....9 ...10 ...11 ...12 ...13 ...14 ...15 ...16 ...17 ...18 ...19 ...20 ...21 ...22 ...23 ...24 ...25 ...26 ...27 ...28 ...29 ...30 ...31 ...32 ...33 ...34 ...35 ...36 ...37 ...38 ...39 ...40 ...41 ...42 ...43 ...44 ...45 ...46 ...47 ...48 ...49 ...50 ...51 ...52
2019    0.    0.    0.    0.    0.    0.    0.    0.    0.    0.    0.    0.    0.    0.    0.    0.    0.    0.    0.    0.    0.    0.  1.01  1.01  1.01  1.01  3.77  3.77  3.77  3.77   4.3   4.3   4.3   4.3   4.3   2.7   2.7   2.7   2.7  0.11  0.11  0.11  0.11  0.11    0.    0.    0.    0.    0.    0.    0.    0.
2020    0.    0.    0.    0.    0.    0.    0.    0.    0.    0.    0.    0.    0.    0.    0.    0.    0.    0.    0.    0.    0.    0.  1.01  1.01  1.01  1.01  3.77  3.77  3.77  3.77   4.3   4.3   4.3   4.3   4.3   2.7   2.7   2.7   2.7  0.11  0.11  0.11  0.11  0.11    0.    0.    0.    0.    0.    0.    0.    0.
2021    0.    0.    0.    0.    0.    0.    0.    0.    0.    0.    0.    0.    0.    0.    0.    0.    0.    0.    0.    0.    0.    0.  1.01  1.01  1.01  1.01  3.77  3.77  3.77  3.77   4.3   4.3   4.3   4.3   4.3   2.7   2.7   2.7   2.7  0.11  0.11  0.11  0.11  0.11    0.    0.    0.    0.    0.    0.    0.    0.
2022    0.    0.    0.    0.    0.    0.    0.    0.    0.    0.    0.    0.    0.    0.    0.    0.    0.    0.    0.    0.    0.    0.  1.01  1.01  1.01  1.01  3.77  3.77  3.77  3.77   4.3   4.3   4.3   4.3   4.3   2.7   2.7   2.7   2.7  0.11  0.11  0.11  0.11  0.11    0.    0.    0.    0.    0.    0.    0.    0.
NUM: 508 SOGAMOSO              Penal: 0        -1.
A~NO ....1 ....2 ....3 ....4 ....5 ....6 ....7 ....8 ....9 ...10 ...11 ...12 ...13 ...14 ...15 ...16 ...17 ...18 ...19 ...20 ...21 ...22 ...23 ...24 ...25 ...26 ...27 ...28 ...29 ...30 ...31 ...32 ...33 ...34 ...35 ...36 ...37 ...38 ...39 ...40 ...41 ...42 ...43 ...44 ...45 ...46 ...47 ...48 ...49 ...50 ...51 ...52
2019 21.18 21.18 21.18 21.18 21.18 48.01 48.01 48.01 48.01 41.84 41.84 41.84 41.84  12.2  12.2  12.2  12.2    0.    0.    0.    0.    0.    0.    0.    0.    0.    0.    0.    0.    0.    0.    0.    0.    0.    0.  1.13  1.13  1.13  1.13    0.    0.    0.    0.    0.    0.    0.    0.    0.  1.65  1.65  1.65  1.65
2020 21.18 21.18 21.18 21.18 21.18 48.01 48.01 48.01 48.01 41.84 41.84 41.84 41.84  12.2  12.2  12.2  12.2    0.    0.    0.    0.    0.    0.    0.    0.    0.    0.    0.    0.    0.    0.    0.    0.    0.    0.  1.13  1.13  1.13  1.13    0.    0.    0.    0.    0.    0.    0.    0.    0.  1.65  1.65  1.65  1.65
2021 21.18 21.18 21.18 21.18 21.18 48.01 48.01 48.01 48.01 41.84 41.84 41.84 41.84  12.2  12.2  12.2  12.2    0.    0.    0.    0.    0.    0.    0.    0.    0.    0.    0.    0.    0.    0.    0.    0.    0.    0.  1.13  1.13  1.13  1.13    0.    0.    0.    0.    0.    0.    0.    0.    0.  1.65  1.65  1.65  1.65
2022 21.18 21.18 21.18 21.18 21.18 48.01 48.01 48.01 48.01 41.84 41.84 41.84 41.84  12.2  12.2  12.2  12.2    0.    0.    0.    0.    0.    0.    0.    0.    0.    0.    0.    0.    0.    0.    0.    0.    0.    0.  1.13  1.13  1.13  1.13    0.    0.    0.    0.    0.    0.    0.    0.    0.  1.65  1.65  1.65  1.65
NUM: 522 C_LLERAS_R            Penal: 0         0.
A~NO ....1 ....2 ....3 ....4 ....5 ....6 ....7 ....8 ....9 ...10 ...11 ...12 ...13 ...14 ...15 ...16 ...17 ...18 ...19 ...20 ...21 ...22 ...23 ...24 ...25 ...26 ...27 ...28 ...29 ...30 ...31 ...32 ...33 ...34 ...35 ...36 ...37 ...38 ...39 ...40 ...41 ...42 ...43 ...44 ...45 ...46 ...47 ...48 ...49 ...50 ...51 ...52
2018 21.93 21.93 21.93 21.93 21.93 19.42 19.42 19.42 19.42 20.16 20.16 20.16 20.16 20.68 20.68 20.68 20.68 23.61 23.61 23.61 23.61 23.61 29.42 29.42 29.42 29.42 24.62 24.62 24.62 24.62 25.43 25.43 25.43 25.43 25.43 32.67 32.67 32.67 32.67 25.69 25.69 25.69 25.69 25.69 28.67 28.67 28.67 28.67 21.87 21.87 21.87 21.87
2019 21.93 21.93 21.93 21.93 21.93 19.42 19.42 19.42 19.42 20.16 20.16 20.16 20.16 20.68 20.68 20.68 20.68 23.61 23.61 23.61 23.61 23.61 29.42 29.42 29.42 29.42 24.62 24.62 24.62 24.62 25.43 25.43 25.43 25.43 25.43 32.67 32.67 32.67 32.67 25.69 25.69 25.69 25.69 25.69 28.67 28.67 28.67 28.67 21.87 21.87 21.87 21.87
2020 21.93 21.93 21.93 21.93 21.93 19.42 19.42 19.42 19.42 20.16 20.16 20.16 20.16 20.68 20.68 20.68 20.68 23.61 23.61 23.61 23.61 23.61 29.42 29.42 29.42 29.42 24.62 24.62 24.62 24.62 25.43 25.43 25.43 25.43 25.43 32.67 32.67 32.67 32.67 25.69 25.69 25.69 25.69 25.69 28.67 28.67 28.67 28.67 21.87 21.87 21.87 21.87
2021 21.93 21.93 21.93 21.93 21.93 19.42 19.42 19.42 19.42 20.16 20.16 20.16 20.16 20.68 20.68 20.68 20.68 23.61 23.61 23.61 23.61 23.61 29.42 29.42 29.42 29.42 24.62 24.62 24.62 24.62 25.43 25.43 25.43 25.43 25.43 32.67 32.67 32.67 32.67 25.69 25.69 25.69 25.69 25.69 28.67 28.67 28.67 28.67 21.87 21.87 21.87 21.87
2022 21.93 21.93 21.93 21.93 21.93 19.42 19.42 19.42 19.42 20.16 20.16 20.16 20.16 20.68 20.68 20.68 20.68 23.61 23.61 23.61 23.61 23.61 29.42 29.42 29.42 29.42 24.62 24.62 24.62 24.62 25.43 25.43 25.43 25.43 25.43 32.67 32.67 32.67 32.67 25.69 25.69 25.69 25.69 25.69 28.67 28.67 28.67 28.67 21.87 21.87 21.87 21.87
2023 21.93 21.93 21.93 21.93 21.93 19.42 19.42 19.42 19.42 20.16 20.16 20.16 20.16 20.68 20.68 20.68 20.68 23.61 23.61 23.61 23.61 23.61 29.42 29.42 29.42 29.42 24.62 24.62 24.62 24.62 25.43 25.43 25.43 25.43 25.43 32.67 32.67 32.67 32.67 25.69 25.69 25.69 25.69 25.69 28.67 28.67 28.67 28.67 21.87 21.87 21.87 21.87
