**** Planta:  102 GUATAPE      Penal:          -1.
A~NO ......1 ......2 ......3 ......4 ......5 ......6 ......7 ......8 ......9 .....10 .....11 .....12 .....13 .....14 .....15 .....16 .....17 .....18 .....19 .....20 .....21 .....22 .....23 .....24 .....25 .....26 .....27 .....28 .....29 .....30 .....31 .....32 .....33 .....34 .....35 .....36 .....37 .....38 .....39 .....40 .....41 .....42 .....43 .....44 .....45 .....46 .....47 .....48 .....49 .....50 .....51 .....52
2019                                                                                                                                                                                                  159.96  179.45  182.23  182.23  182.23  182.23  181.22  185.91  192.38  198.86  205.48  212.93  220.39  227.85   235.3  244.74   254.5  264.27  274.03  283.81   293.6  303.39  313.19  320.25  310.96  301.67  292.38  283.08
2020  271.59  259.21  246.84  234.46     222  209.33  196.65  183.98  171.23  158.04  144.84  131.64  118.44  108.53   99.93   91.34   82.74    81.3   89.39   97.48  105.58  113.67  121.64   134.9  159.96  179.45  182.23  182.23  182.23  182.23  181.22  185.91  192.38  198.86  205.48  212.93  220.39  227.85   235.3  244.74   254.5  264.27  274.03  283.81   293.6  303.39  313.19  320.25  310.96  301.67  292.38  283.08
2021  271.59  259.21  246.84  234.46     222  209.33  196.65  183.98  171.23  158.04  144.84  131.64  118.44  108.53   99.93   91.34   82.74    81.3   89.39   97.48  105.58  113.67  121.64   134.9  159.96  179.45  182.23  182.23  182.23  182.23  181.22  185.91  192.38  198.86  205.48  212.93  220.39  227.85   235.3  244.74   254.5  264.27  274.03  283.81   293.6  303.39  313.19  320.25  310.96  301.67  292.38  283.08
2022  271.59  259.21  246.84  234.46     222  209.33  196.65  183.98  171.23  158.04  144.84  131.64  118.44  108.53   99.93   91.34   82.74    81.3   89.39   97.48  105.58  113.67  121.64   134.9                                                                                                                                                                                                                                
**** Planta:  103 JAGUAS       Penal:          -1.
A~NO ......1 ......2 ......3 ......4 ......5 ......6 ......7 ......8 ......9 .....10 .....11 .....12 .....13 .....14 .....15 .....16 .....17 .....18 .....19 .....20 .....21 .....22 .....23 .....24 .....25 .....26 .....27 .....28 .....29 .....30 .....31 .....32 .....33 .....34 .....35 .....36 .....37 .....38 .....39 .....40 .....41 .....42 .....43 .....44 .....45 .....46 .....47 .....48 .....49 .....50 .....51 .....52
2019                                                                                                                                                                                                   61.23   73.69   74.22   72.75   71.29   69.83   68.68   67.95   67.22   66.49   66.48   69.81   73.15   76.49   79.82   83.46   87.16   90.85   94.54   98.02   101.2  104.39  107.58   110.1  108.66  107.22  105.78  104.34
2020  100.18   94.94   89.69   84.45   78.54   70.98   63.41   55.85   48.52   42.54   38.87   35.94   33.02   29.83   26.43   23.03   19.63   18.59   21.83   25.07   28.31   31.55   34.29    45.2   61.23   73.69   74.22   72.75   71.29   69.83   68.68   67.95   67.22   66.49   66.48   69.81   73.15   76.49   79.82   83.46   87.16   90.85   94.54   98.02   101.2  104.39  107.58   110.1  108.66  107.22  105.78  104.34
2021  100.18   94.94   89.69   84.45   78.54   70.98   63.41   55.85   48.52   42.54   38.87   35.94   33.02   29.83   26.43   23.03   19.63   18.59   21.83   25.07   28.31   31.55   34.29    45.2   61.23   73.69   74.22   72.75   71.29   69.83   68.68   67.95   67.22   66.49   66.48   69.81   73.15   76.49   79.82   83.46   87.16   90.85   94.54   98.02   101.2  104.39  107.58   110.1  108.66  107.22  105.78  104.34
2022  100.18   94.94   89.69   84.45   78.54   70.98   63.41   55.85   48.52   42.54   38.87   35.94   33.02   29.83   26.43   23.03   19.63   18.59   21.83   25.07   28.31   31.55   34.29    45.2                                                                                                                                                                                                                                
**** Planta:  104 PLAYAS       Penal:          -1.
A~NO ......1 ......2 ......3 ......4 ......5 ......6 ......7 ......8 ......9 .....10 .....11 .....12 .....13 .....14 .....15 .....16 .....17 .....18 .....19 .....20 .....21 .....22 .....23 .....24 .....25 .....26 .....27 .....28 .....29 .....30 .....31 .....32 .....33 .....34 .....35 .....36 .....37 .....38 .....39 .....40 .....41 .....42 .....43 .....44 .....45 .....46 .....47 .....48 .....49 .....50 .....51 .....52
2019                                                                                                                                                                                                   45.79   50.26   47.76    44.1   40.43   36.77   33.25   32.47   33.22   33.98   34.74   35.61   36.47   37.33    38.2   39.29   40.43   41.56   42.69   44.35   47.21   50.08   52.38   55.82   55.82   55.82   55.82   55.82
2020   54.23   51.46   48.68   45.91   43.36   42.17   40.98    39.8   38.61   34.39   30.17   25.96   22.18   21.37   20.97    21.4   21.98   22.99    25.1   27.21   29.32   31.43   35.56   40.04   45.79   50.26   47.76    44.1   40.43   36.77   33.25   32.47   33.22   33.98   34.74   35.61   36.47   37.33    38.2   39.29   40.43   41.56   42.69   44.35   47.21   50.08   52.38   55.82   55.82   55.82   55.82   55.82
2021   54.23   51.46   48.68   45.91   43.36   42.17   40.98    39.8   38.61   34.39   30.17   25.96   22.18   21.37   20.97    21.4   21.98   22.99    25.1   27.21   29.32   31.43   35.56   40.04   45.79   50.26   47.76    44.1   40.43   36.77   33.25   32.47   33.22   33.98   34.74   35.61   36.47   37.33    38.2   39.29   40.43   41.56   42.69   44.35   47.21   50.08   52.38   55.82   55.82   55.82   55.82   55.82
2022   54.23   51.46   48.68   45.91   43.36   42.17   40.98    39.8   38.61   34.39   30.17   25.96   22.18   21.37   20.97    21.4   21.98   22.99    25.1   27.21   29.32   31.43   35.56   40.04                                                                                                                                                                                                                                
**** Planta:  105 SAN CARLOS   Penal:          -1.
A~NO ......1 ......2 ......3 ......4 ......5 ......6 ......7 ......8 ......9 .....10 .....11 .....12 .....13 .....14 .....15 .....16 .....17 .....18 .....19 .....20 .....21 .....22 .....23 .....24 .....25 .....26 .....27 .....28 .....29 .....30 .....31 .....32 .....33 .....34 .....35 .....36 .....37 .....38 .....39 .....40 .....41 .....42 .....43 .....44 .....45 .....46 .....47 .....48 .....49 .....50 .....51 .....52
2019                                                                                                                                                                                                   30.56   37.67   34.94   30.57    26.2   21.83    19.8   20.54   21.28   22.03   22.78   23.63   24.48   25.33   26.18   27.26   28.37   29.49    30.6   31.72   32.84   33.96   39.36   48.85   47.32   45.79   44.26   42.73
2020   40.45   37.61   34.77   31.93   29.26   27.62   25.99   24.35   22.72   19.44   16.16   12.88   10.42    9.63    9.23    8.83    8.43     8.6    9.52   10.44   11.37   12.29    14.3   21.41   30.56   37.67   34.94   30.57    26.2   21.83    19.8   20.54   21.28   22.03   22.78   23.63   24.48   25.33   26.18   27.26   28.37   29.49    30.6   31.72   32.84   33.96   39.36   48.85   47.32   45.79   44.26   42.73
2021   40.45   37.61   34.77   31.93   29.26   27.62   25.99   24.35   22.72   19.44   16.16   12.88   10.42    9.63    9.23    8.83    8.43     8.6    9.52   10.44   11.37   12.29    14.3   21.41   30.56   37.67   34.94   30.57    26.2   21.83    19.8   20.54   21.28   22.03   22.78   23.63   24.48   25.33   26.18   27.26   28.37   29.49    30.6   31.72   32.84   33.96   39.36   48.85   47.32   45.79   44.26   42.73
2022   40.45   37.61   34.77   31.93   29.26   27.62   25.99   24.35   22.72   19.44   16.16   12.88   10.42    9.63    9.23    8.83    8.43     8.6    9.52   10.44   11.37   12.29    14.3   21.41                                                                                                                                                                                                                                
**** Planta:  110 MIRAFLORES   Penal:          -1.
A~NO ......1 ......2 ......3 ......4 ......5 ......6 ......7 ......8 ......9 .....10 .....11 .....12 .....13 .....14 .....15 .....16 .....17 .....18 .....19 .....20 .....21 .....22 .....23 .....24 .....25 .....26 .....27 .....28 .....29 .....30 .....31 .....32 .....33 .....34 .....35 .....36 .....37 .....38 .....39 .....40 .....41 .....42 .....43 .....44 .....45 .....46 .....47 .....48 .....49 .....50 .....51 .....52
2019                                                                                                                                                                                                   13.43   15.91   16.64   17.07   17.51   17.95   19.97   24.11   28.26    32.4   36.55   43.08   49.62   56.15   62.69   64.87    65.3   65.74   66.17   66.94   68.51   70.09   71.67   73.25   71.72   70.19   68.67   67.14
2020   64.24   60.32   56.39   52.47   48.43   43.77   39.11   34.45   29.79   26.51   23.24   19.97    16.7   14.01   11.76     9.5    7.25    6.02     6.9    7.78    8.67    9.55   10.28   11.01   13.43   15.91   16.64   17.07   17.51   17.95   19.97   24.11   28.26    32.4   36.55   43.08   49.62   56.15   62.69   64.87    65.3   65.74   66.17   66.94   68.51   70.09   71.67   73.25   71.72   70.19   68.67   67.14
2021   64.24   60.32   56.39   52.47   48.43   43.77   39.11   34.45   29.79   26.51   23.24   19.97    16.7   14.01   11.76     9.5    7.25    6.02     6.9    7.78    8.67    9.55   10.28   11.01   13.43   15.91   16.64   17.07   17.51   17.95   19.97   24.11   28.26    32.4   36.55   43.08   49.62   56.15   62.69   64.87    65.3   65.74   66.17   66.94   68.51   70.09   71.67   73.25   71.72   70.19   68.67   67.14
2022   64.24   60.32   56.39   52.47   48.43   43.77   39.11   34.45   29.79   26.51   23.24   19.97    16.7   14.01   11.76     9.5    7.25    6.02     6.9    7.78    8.67    9.55   10.28   11.01                                                                                                                                                                                                                                
**** Planta:  112 TRONERAS     Penal:          -1.
A~NO ......1 ......2 ......3 ......4 ......5 ......6 ......7 ......8 ......9 .....10 .....11 .....12 .....13 .....14 .....15 .....16 .....17 .....18 .....19 .....20 .....21 .....22 .....23 .....24 .....25 .....26 .....27 .....28 .....29 .....30 .....31 .....32 .....33 .....34 .....35 .....36 .....37 .....38 .....39 .....40 .....41 .....42 .....43 .....44 .....45 .....46 .....47 .....48 .....49 .....50 .....51 .....52
2019                                                                                                                                                                                                   12.28    12.7   13.07   13.44    13.8   14.17   14.54   14.89   15.25   15.61   15.97   17.13   18.61   20.09   21.58   22.07   22.17   22.27   22.37   22.54    22.9   23.25   23.61   23.97   23.62   23.28   22.93   22.59
2020   21.93   21.04   20.15   19.26   18.34   17.29   16.23   15.17   14.12   13.37   12.63   11.89   11.15   10.54   10.03    9.52    9.01    8.86    9.37    9.88   10.39    10.9   11.32   11.74   12.28    12.7   13.07   13.44    13.8   14.17   14.54   14.89   15.25   15.61   15.97   17.13   18.61   20.09   21.58   22.07   22.17   22.27   22.37   22.54    22.9   23.25   23.61   23.97   23.62   23.28   22.93   22.59
2021   21.93   21.04   20.15   19.26   18.34   17.29   16.23   15.17   14.12   13.37   12.63   11.89   11.15   10.54   10.03    9.52    9.01    8.86    9.37    9.88   10.39    10.9   11.32   11.74   12.28    12.7   13.07   13.44    13.8   14.17   14.54   14.89   15.25   15.61   15.97   17.13   18.61   20.09   21.58   22.07   22.17   22.27   22.37   22.54    22.9   23.25   23.61   23.97   23.62   23.28   22.93   22.59
2022   21.93   21.04   20.15   19.26   18.34   17.29   16.23   15.17   14.12   13.37   12.63   11.89   11.15   10.54   10.03    9.52    9.01    8.86    9.37    9.88   10.39    10.9   11.32   11.74                                                                                                                                                                                                                                
**** Planta:  115 LA TASAJERA  Penal:          -1.
A~NO ......1 ......2 ......3 ......4 ......5 ......6 ......7 ......8 ......9 .....10 .....11 .....12 .....13 .....14 .....15 .....16 .....17 .....18 .....19 .....20 .....21 .....22 .....23 .....24 .....25 .....26 .....27 .....28 .....29 .....30 .....31 .....32 .....33 .....34 .....35 .....36 .....37 .....38 .....39 .....40 .....41 .....42 .....43 .....44 .....45 .....46 .....47 .....48 .....49 .....50 .....51 .....52
2019                                                                                                                                                                                                   91.39    99.7  100.63  100.32  100.01    99.7   98.46   95.99   93.51   91.03   91.06   93.31   95.57   97.82  100.07   102.9  105.84  108.77   111.7  114.81  118.14  121.47   124.8  127.48  126.26  125.04  123.82   122.6
2020  119.08  114.64  110.19  105.75  100.75   94.35   87.94   81.54   75.33   70.27   65.21   60.15    55.1   52.84   51.71   50.58   49.46   50.04   53.59    57.3   61.01   64.73   72.38    80.7   91.39    99.7  100.63  100.32  100.01    99.7   98.46   95.99   93.51   91.03   91.06   93.31   95.57   97.82  100.07   102.9  105.84  108.77   111.7  114.81  118.14  121.47   124.8  127.48  126.26  125.04  123.82   122.6
2021  119.08  114.64  110.19  105.75  100.75   94.35   87.94   81.54   75.33   70.27   65.21   60.15    55.1   52.84   51.71   50.58   49.46   50.04   53.59    57.3   61.01   64.73   72.38    80.7   91.39    99.7  100.63  100.32  100.01    99.7   98.46   95.99   93.51   91.03   91.06   93.31   95.57   97.82  100.07   102.9  105.84  108.77   111.7  114.81  118.14  121.47   124.8  127.48  126.26  125.04  123.82   122.6
2022  119.08  114.64  110.19  105.75  100.75   94.35   87.94   81.54   75.33   70.27   65.21   60.15    55.1   52.84   51.71   50.58   49.46   50.04   53.59    57.3   61.01   64.73   72.38    80.7                                                                                                                                                                                                                                
**** Planta:  213 GUAVIO       Penal:          -1.
A~NO ......1 ......2 ......3 ......4 ......5 ......6 ......7 ......8 ......9 .....10 .....11 .....12 .....13 .....14 .....15 .....16 .....17 .....18 .....19 .....20 .....21 .....22 .....23 .....24 .....25 .....26 .....27 .....28 .....29 .....30 .....31 .....32 .....33 .....34 .....35 .....36 .....37 .....38 .....39 .....40 .....41 .....42 .....43 .....44 .....45 .....46 .....47 .....48 .....49 .....50 .....51 .....52
2019                                                                                                                                                                                                  146.06  165.31   185.9  206.49  227.08  247.68  266.21   283.2  300.19  317.18  333.44  345.31  357.18  369.05  380.92  390.51  399.71  408.91  418.11  426.77  434.71  442.65  450.59  456.42  449.61  442.81  436.01   429.2
2020  409.57   384.8  360.02  335.25  307.36  271.64  235.93  200.22  165.58  137.37  109.16   80.95   52.74   40.19   33.89    27.6   21.31   24.01   38.72   53.42   68.13   82.83  102.08  121.32  146.06  165.31   185.9  206.49  227.08  247.68  266.21   283.2  300.19  317.18  333.44  345.31  357.18  369.05  380.92  390.51  399.71  408.91  418.11  426.77  434.71  442.65  450.59  456.42  449.61  442.81  436.01   429.2
2021  409.57   384.8  360.02  335.25  307.36  271.64  235.93  200.22  165.58  137.37  109.16   80.95   52.74   40.19   33.89    27.6   21.31   24.01   38.72   53.42   68.13   82.83  102.08  121.32  146.06  165.31   185.9  206.49  227.08  247.68  266.21   283.2  300.19  317.18  333.44  345.31  357.18  369.05  380.92  390.51  399.71  408.91  418.11  426.77  434.71  442.65  450.59  456.42  449.61  442.81  436.01   429.2
2022  409.57   384.8  360.02  335.25  307.36  271.64  235.93  200.22  165.58  137.37  109.16   80.95   52.74   40.19   33.89    27.6   21.31   24.01   38.72   53.42   68.13   82.83  102.08  121.32                                                                                                                                                                                                                                
**** Planta:  399 EL QUIMBO    Penal:          -1.
A~NO ......1 ......2 ......3 ......4 ......5 ......6 ......7 ......8 ......9 .....10 .....11 .....12 .....13 .....14 .....15 .....16 .....17 .....18 .....19 .....20 .....21 .....22 .....23 .....24 .....25 .....26 .....27 .....28 .....29 .....30 .....31 .....32 .....33 .....34 .....35 .....36 .....37 .....38 .....39 .....40 .....41 .....42 .....43 .....44 .....45 .....46 .....47 .....48 .....49 .....50 .....51 .....52
2019                                                                                                                                                                                                  869.82  925.03  975.75 1040.83 1158.09 1275.34 1367.46 1426.09 1484.72 1543.34 1601.97 1601.97 1601.97 1601.97 1601.97 1594.35 1583.69 1573.04 1586.29 1623.28 1669.91 1716.55 1763.19 1800.16 1779.15 1758.14 1737.13 1716.12
2020 1655.48 1578.99 1502.49    1426 1339.85 1229.57 1119.29 1009.01  902.05  814.94  727.83  656.34  624.36  598.07  576.04  554.01  531.98  519.29  529.95  578.68  633.54   688.4  743.61  798.83  869.82  925.03  975.75 1040.83 1158.09 1275.34 1367.46 1426.09 1484.72 1543.34 1601.97 1601.97 1601.97 1601.97 1601.97 1594.35 1583.69 1573.04 1586.29 1623.28 1669.91 1716.55 1763.19 1800.16 1779.15 1758.14 1737.13 1716.12
2021 1655.48 1578.99 1502.49    1426 1339.85 1229.57 1119.29 1009.01  902.05  814.94  727.83  656.34  624.36  598.07  576.04  554.01  531.98  519.29  529.95  578.68  633.54   688.4  743.61  798.83  869.82  925.03  975.75 1040.83 1158.09 1275.34 1367.46 1426.09 1484.72 1543.34 1601.97 1601.97 1601.97 1601.97 1601.97 1594.35 1583.69 1573.04 1586.29 1623.28 1669.91 1716.55 1763.19 1800.16 1779.15 1758.14 1737.13 1716.12
2022 1655.48 1578.99 1502.49    1426 1339.85 1229.57 1119.29 1009.01  902.05  814.94  727.83  656.34  624.36  598.07  576.04  554.01  531.98  519.29  529.95  578.68  633.54   688.4  743.61  798.83                                                                                                                                                                                                                                
**** Planta:  403 CHIVOR       Penal:          -1.
A~NO ......1 ......2 ......3 ......4 ......5 ......6 ......7 ......8 ......9 .....10 .....11 .....12 .....13 .....14 .....15 .....16 .....17 .....18 .....19 .....20 .....21 .....22 .....23 .....24 .....25 .....26 .....27 .....28 .....29 .....30 .....31 .....32 .....33 .....34 .....35 .....36 .....37 .....38 .....39 .....40 .....41 .....42 .....43 .....44 .....45 .....46 .....47 .....48 .....49 .....50 .....51 .....52
2019                                                                                                                                                                                                   50.22   55.04   61.51   67.98   91.54  115.42  151.81  204.88  257.96  311.03   364.1  377.81  391.52  405.23  418.94  423.81  425.14  426.46  427.79  429.52  432.26     435  437.75  440.49  424.57  408.65  392.72   376.8
2020  358.61   338.7   318.8   298.9     279  259.15  239.29  219.43  199.58  178.35  157.12  135.89  114.66   94.59    75.4   56.21   37.01   24.37   26.88   29.38   31.89   34.39   39.21   44.03   50.22   55.04   61.51   67.98   91.54  115.42  151.81  204.88  257.96  311.03   364.1  377.81  391.52  405.23  418.94  423.81  425.14  426.46  427.79  429.52  432.26     435  437.75  440.49  424.57  408.65  392.72   376.8
2021  358.61   338.7   318.8   298.9     279  259.15  239.29  219.43  199.58  178.35  157.12  135.89  114.66   94.59    75.4   56.21   37.01   24.37   26.88   29.38   31.89   34.39   39.21   44.03   50.22   55.04   61.51   67.98   91.54  115.42  151.81  204.88  257.96  311.03   364.1  377.81  391.52  405.23  418.94  423.81  425.14  426.46  427.79  429.52  432.26     435  437.75  440.49  424.57  408.65  392.72   376.8
2022  358.61   338.7   318.8   298.9     279  259.15  239.29  219.43  199.58  178.35  157.12  135.89  114.66   94.59    75.4   56.21   37.01   24.37   26.88   29.38   31.89   34.39   39.21   44.03                                                                                                                                                                                                                                
**** Planta:  404 PRADO        Penal:          -1.
A~NO ......1 ......2 ......3 ......4 ......5 ......6 ......7 ......8 ......9 .....10 .....11 .....12 .....13 .....14 .....15 .....16 .....17 .....18 .....19 .....20 .....21 .....22 .....23 .....24 .....25 .....26 .....27 .....28 .....29 .....30 .....31 .....32 .....33 .....34 .....35 .....36 .....37 .....38 .....39 .....40 .....41 .....42 .....43 .....44 .....45 .....46 .....47 .....48 .....49 .....50 .....51 .....52
2019                                                                                                                                                                                                  421.45  429.93  433.78  437.63  441.48  445.33  448.25  450.48  452.71  454.93  457.29  460.41  463.54  466.67  469.79  477.38  485.71  494.03  502.36  513.61  528.75  543.89  559.02  571.47  567.72  563.98  560.23  556.49
2020  545.68  532.05  518.41  504.78  489.42  469.77  450.12  430.47   411.4  395.88  380.35  364.82   349.3  342.39  338.92  335.46     332  336.17  350.53  364.89  379.24   393.6  402.08  410.55  421.45  429.93  433.78  437.63  441.48  445.33  448.25  450.48  452.71  454.93  457.29  460.41  463.54  466.67  469.79  477.38  485.71  494.03  502.36  513.61  528.75  543.89  559.02  571.47  567.72  563.98  560.23  556.49
2021  545.68  532.05  518.41  504.78  489.42  469.77  450.12  430.47   411.4  395.88  380.35  364.82   349.3  342.39  338.92  335.46     332  336.17  350.53  364.89  379.24   393.6  402.08  410.55  421.45  429.93  433.78  437.63  441.48  445.33  448.25  450.48  452.71  454.93  457.29  460.41  463.54  466.67  469.79  477.38  485.71  494.03  502.36  513.61  528.75  543.89  559.02  571.47  567.72  563.98  560.23  556.49
2022  545.68  532.05  518.41  504.78  489.42  469.77  450.12  430.47   411.4  395.88  380.35  364.82   349.3  342.39  338.92  335.46     332  336.17  350.53  364.89  379.24   393.6  402.08  410.55                                                                                                                                                                                                                                
**** Planta:  408 BETANIA      Penal:          -1.
A~NO ......1 ......2 ......3 ......4 ......5 ......6 ......7 ......8 ......9 .....10 .....11 .....12 .....13 .....14 .....15 .....16 .....17 .....18 .....19 .....20 .....21 .....22 .....23 .....24 .....25 .....26 .....27 .....28 .....29 .....30 .....31 .....32 .....33 .....34 .....35 .....36 .....37 .....38 .....39 .....40 .....41 .....42 .....43 .....44 .....45 .....46 .....47 .....48 .....49 .....50 .....51 .....52
2019                                                                                                                                                                                                     580  597.68  613.93  630.17  646.42  662.67   678.1  692.91  707.73  722.55   736.5  745.24  753.99  762.73  771.47  780.89  790.42  799.95  809.47  821.32  836.26   851.2  866.14  877.98  871.25  864.52  857.79  851.06
2020  831.64  807.14  782.64  758.14  730.55  695.23  659.91  624.59  590.32  562.42  534.52  506.62  478.71   466.3  460.07  453.85  447.63   451.6  469.17  486.75  504.32  521.89  539.57  557.26     580  597.68  613.93  630.17  646.42  662.67   678.1  692.91  707.73  722.55   736.5  745.24  753.99  762.73  771.47  780.89  790.42  799.95  809.47  821.32  836.26   851.2  866.14  877.98  871.25  864.52  857.79  851.06
2021  831.64  807.14  782.64  758.14  730.55  695.23  659.91  624.59  590.32  562.42  534.52  506.62  478.71   466.3  460.07  453.85  447.63   451.6  469.17  486.75  504.32  521.89  539.57  557.26     580  597.68  613.93  630.17  646.42  662.67   678.1  692.91  707.73  722.55   736.5  745.24  753.99  762.73  771.47  780.89  790.42  799.95  809.47  821.32  836.26   851.2  866.14  877.98  871.25  864.52  857.79  851.06
2022  831.64  807.14  782.64  758.14  730.55  695.23  659.91  624.59  590.32  562.42  534.52  506.62  478.71   466.3  460.07  453.85  447.63   451.6  469.17  486.75  504.32  521.89  539.57  557.26                                                                                                                                                                                                                                
**** Planta:  409 ALTOANCHICAY Penal:          -1.
A~NO ......1 ......2 ......3 ......4 ......5 ......6 ......7 ......8 ......9 .....10 .....11 .....12 .....13 .....14 .....15 .....16 .....17 .....18 .....19 .....20 .....21 .....22 .....23 .....24 .....25 .....26 .....27 .....28 .....29 .....30 .....31 .....32 .....33 .....34 .....35 .....36 .....37 .....38 .....39 .....40 .....41 .....42 .....43 .....44 .....45 .....46 .....47 .....48 .....49 .....50 .....51 .....52
2019                                                                                                                                                                                                   28.12   32.14   34.34   33.19   32.04   30.89   28.08   23.06   18.04   15.38   15.69   16.12   16.55   16.98   17.41   18.13   18.89   19.66   20.42   21.27   22.24   23.21   24.17   24.96   24.68    24.4   24.11   23.83
2020   23.01   21.98   20.96   19.93   18.77   17.28    15.8   14.31   12.87    11.7   10.52    9.35    8.18    7.65    7.39    7.13    6.87    7.05    7.84    8.62     9.4   10.18   13.71   20.01   28.12   32.14   34.34   33.19   32.04   30.89   28.08   23.06   18.04   15.38   15.69   16.12   16.55   16.98   17.41   18.13   18.89   19.66   20.42   21.27   22.24   23.21   24.17   24.96   24.68    24.4   24.11   23.83
2021   23.01   21.98   20.96   19.93   18.77   17.28    15.8   14.31   12.87    11.7   10.52    9.35    8.18    7.65    7.39    7.13    6.87    7.05    7.84    8.62     9.4   10.18   13.71   20.01   28.12   32.14   34.34   33.19   32.04   30.89   28.08   23.06   18.04   15.38   15.69   16.12   16.55   16.98   17.41   18.13   18.89   19.66   20.42   21.27   22.24   23.21   24.17   24.96   24.68    24.4   24.11   23.83
2022   23.01   21.98   20.96   19.93   18.77   17.28    15.8   14.31   12.87    11.7   10.52    9.35    8.18    7.65    7.39    7.13    6.87    7.05    7.84    8.62     9.4   10.18   13.71   20.01                                                                                                                                                                                                                                
**** Planta:  412 CALIMA       Penal:          -1.
A~NO ......1 ......2 ......3 ......4 ......5 ......6 ......7 ......8 ......9 .....10 .....11 .....12 .....13 .....14 .....15 .....16 .....17 .....18 .....19 .....20 .....21 .....22 .....23 .....24 .....25 .....26 .....27 .....28 .....29 .....30 .....31 .....32 .....33 .....34 .....35 .....36 .....37 .....38 .....39 .....40 .....41 .....42 .....43 .....44 .....45 .....46 .....47 .....48 .....49 .....50 .....51 .....52
2019                                                                                                                                                                                                     190  199.14  204.07  208.99  213.92  218.85   222.4  224.92  227.43  229.95  232.67  236.62  240.56   244.5  248.45   256.7  265.67  274.64   283.6  294.84  309.09  323.34  337.59  349.26  345.48   341.7  337.92  334.14
2020  323.23  309.47   295.7  281.94  266.44   246.6  226.76  206.92  187.67     172  156.32  140.65  124.98     118  114.51  111.01  107.52  110.79  123.09  135.39  147.68  159.98  169.12  178.25     190  199.14  204.07  208.99  213.92  218.85   222.4  224.92  227.43  229.95  232.67  236.62  240.56   244.5  248.45   256.7  265.67  274.64   283.6  294.84  309.09  323.34  337.59  349.26  345.48   341.7  337.92  334.14
2021  323.23  309.47   295.7  281.94  266.44   246.6  226.76  206.92  187.67     172  156.32  140.65  124.98     118  114.51  111.01  107.52  110.79  123.09  135.39  147.68  159.98  169.12  178.25     190  199.14  204.07  208.99  213.92  218.85   222.4  224.92  227.43  229.95  232.67  236.62  240.56   244.5  248.45   256.7  265.67  274.64   283.6  294.84  309.09  323.34  337.59  349.26  345.48   341.7  337.92  334.14
2022  323.23  309.47   295.7  281.94  266.44   246.6  226.76  206.92  187.67     172  156.32  140.65  124.98     118  114.51  111.01  107.52  110.79  123.09  135.39  147.68  159.98  169.12  178.25                                                                                                                                                                                                                                
**** Planta:  503 MUNA         Penal:          -1.
A~NO ......1 ......2 ......3 ......4 ......5 ......6 ......7 ......8 ......9 .....10 .....11 .....12 .....13 .....14 .....15 .....16 .....17 .....18 .....19 .....20 .....21 .....22 .....23 .....24 .....25 .....26 .....27 .....28 .....29 .....30 .....31 .....32 .....33 .....34 .....35 .....36 .....37 .....38 .....39 .....40 .....41 .....42 .....43 .....44 .....45 .....46 .....47 .....48 .....49 .....50 .....51 .....52
2019                                                                                                                                                                                                    3.67    3.82    4.16    4.53     4.9    5.27    5.52    5.61    5.69    5.78    5.86    5.81    5.75    5.69    5.63    5.59    5.56    5.53    5.51    5.54       6    6.46    6.92     7.3    7.19    7.08    6.97    6.85
2020    6.53    6.12    5.71     5.3    4.84    4.71    4.59    4.47    4.35    4.23    4.12    4.01    3.89    3.81    3.75    3.69    3.63    3.56    3.48    3.39    3.31    3.22    3.34    3.48    3.67    3.82    4.16    4.53     4.9    5.27    5.52    5.61    5.69    5.78    5.86    5.81    5.75    5.69    5.63    5.59    5.56    5.53    5.51    5.54       6    6.46    6.92     7.3    7.19    7.08    6.97    6.85
2021    6.53    6.12    5.71     5.3    4.84    4.71    4.59    4.47    4.35    4.23    4.12    4.01    3.89    3.81    3.75    3.69    3.63    3.56    3.48    3.39    3.31    3.22    3.34    3.48    3.67    3.82    4.16    4.53     4.9    5.27    5.52    5.61    5.69    5.78    5.86    5.81    5.75    5.69    5.63    5.59    5.56    5.53    5.51    5.54       6    6.46    6.92     7.3    7.19    7.08    6.97    6.85
2022    6.53    6.12    5.71     5.3    4.84    4.71    4.59    4.47    4.35    4.23    4.12    4.01    3.89    3.81    3.75    3.69    3.63    3.56    3.48    3.39    3.31    3.22    3.34    3.48                                                                                                                                                                                                                                
**** Planta:  504 MIEL I       Penal:          -1.
A~NO ......1 ......2 ......3 ......4 ......5 ......6 ......7 ......8 ......9 .....10 .....11 .....12 .....13 .....14 .....15 .....16 .....17 .....18 .....19 .....20 .....21 .....22 .....23 .....24 .....25 .....26 .....27 .....28 .....29 .....30 .....31 .....32 .....33 .....34 .....35 .....36 .....37 .....38 .....39 .....40 .....41 .....42 .....43 .....44 .....45 .....46 .....47 .....48 .....49 .....50 .....51 .....52
2019                                                                                                                                                                                                  150.85  159.09  154.29  147.48     152  156.51  160.63  164.46  168.28   172.1  176.18  181.78  187.38  192.97  198.57   207.9  217.86  227.81  237.76  249.49  263.57  277.66  291.75  303.26  299.33   295.4  291.47  287.54
2020   276.2   261.9  247.59  233.29  217.18  196.56  175.94  155.32  135.31  119.02  102.73   86.44   70.14    62.9   59.26   55.63   57.28   63.02   77.97   92.92  107.87  122.82  132.02  140.26  150.85  159.09  154.29  147.48     152  156.51  160.63  164.46  168.28   172.1  176.18  181.78  187.38  192.97  198.57   207.9  217.86  227.81  237.76  249.49  263.57  277.66  291.75  303.26  299.33   295.4  291.47  287.54
2021   276.2   261.9  247.59  233.29  217.18  196.56  175.94  155.32  135.31  119.02  102.73   86.44   70.14    62.9   59.26   55.63   57.28   63.02   77.97   92.92  107.87  122.82  132.02  140.26  150.85  159.09  154.29  147.48     152  156.51  160.63  164.46  168.28   172.1  176.18  181.78  187.38  192.97  198.57   207.9  217.86  227.81  237.76  249.49  263.57  277.66  291.75  303.26  299.33   295.4  291.47  287.54
2022   276.2   261.9  247.59  233.29  217.18  196.56  175.94  155.32  135.31  119.02  102.73   86.44   70.14    62.9   59.26   55.63   57.28   63.02   77.97   92.92  107.87  122.82  132.02  140.26                                                                                                                                                                                                                                
**** Planta:  505 PORCE II     Penal:          -1.
A~NO ......1 ......2 ......3 ......4 ......5 ......6 ......7 ......8 ......9 .....10 .....11 .....12 .....13 .....14 .....15 .....16 .....17 .....18 .....19 .....20 .....21 .....22 .....23 .....24 .....25 .....26 .....27 .....28 .....29 .....30 .....31 .....32 .....33 .....34 .....35 .....36 .....37 .....38 .....39 .....40 .....41 .....42 .....43 .....44 .....45 .....46 .....47 .....48 .....49 .....50 .....51 .....52
2019                                                                                                                                                                                                   53.79   55.41   56.75    58.1   59.44   60.78   62.14   63.49   64.85   66.21   67.58   69.04    70.5   71.96   73.42   75.26   77.16   79.06   80.96   86.09   91.27   96.45  101.63  106.82  106.82  106.82  106.82  106.82
2020  104.87  101.46   98.05   94.64    90.8   84.36   77.93    71.5   65.07   59.45   53.84   48.22   44.27   42.81   42.08   41.35   40.62      41   42.86   44.72   46.59   48.45   50.07    51.7   53.79   55.41   56.75    58.1   59.44   60.78   62.14   63.49   64.85   66.21   67.58   69.04    70.5   71.96   73.42   75.26   77.16   79.06   80.96   86.09   91.27   96.45  101.63  106.82  106.82  106.82  106.82  106.82
2021  104.87  101.46   98.05   94.64    90.8   84.36   77.93    71.5   65.07   59.45   53.84   48.22   44.27   42.81   42.08   41.35   40.62      41   42.86   44.72   46.59   48.45   50.07    51.7   53.79   55.41   56.75    58.1   59.44   60.78   62.14   63.49   64.85   66.21   67.58   69.04    70.5   71.96   73.42   75.26   77.16   79.06   80.96   86.09   91.27   96.45  101.63  106.82  106.82  106.82  106.82  106.82
2022  104.87  101.46   98.05   94.64    90.8   84.36   77.93    71.5   65.07   59.45   53.84   48.22   44.27   42.81   42.08   41.35   40.62      41   42.86   44.72   46.59   48.45   50.07    51.7                                                                                                                                                                                                                                
**** Planta:  506 PORCE III    Penal:          -1.
A~NO ......1 ......2 ......3 ......4 ......5 ......6 ......7 ......8 ......9 .....10 .....11 .....12 .....13 .....14 .....15 .....16 .....17 .....18 .....19 .....20 .....21 .....22 .....23 .....24 .....25 .....26 .....27 .....28 .....29 .....30 .....31 .....32 .....33 .....34 .....35 .....36 .....37 .....38 .....39 .....40 .....41 .....42 .....43 .....44 .....45 .....46 .....47 .....48 .....49 .....50 .....51 .....52
2019                                                                                                                                                                                                  111.35   137.3  141.01  141.01  141.01  141.01  138.98  134.25  129.53   124.8  120.07  122.51  124.96   127.4  129.84  130.54  130.54  130.54  130.54  131.67  135.64  139.61  141.01  147.55  144.89  142.23  139.57  136.91
2020  136.11   136.7  137.29  137.89  137.76  133.34  128.92  124.49  120.07  110.32  100.57   90.81   81.06    70.6   59.61   48.62   37.62   30.95   33.69   36.44   39.18   41.93   52.02   77.97  111.35   137.3  141.01  141.01  141.01  141.01  138.98  134.25  129.53   124.8  120.07  122.51  124.96   127.4  129.84  130.54  130.54  130.54  130.54  131.67  135.64  139.61  141.01  147.55  144.89  142.23  139.57  136.91
2021  136.11   136.7  137.29  137.89  137.76  133.34  128.92  124.49  120.07  110.32  100.57   90.81   81.06    70.6   59.61   48.62   37.62   30.95   33.69   36.44   39.18   41.93   52.02   77.97  111.35   137.3  141.01  141.01  141.01  141.01  138.98  134.25  129.53   124.8  120.07  122.51  124.96   127.4  129.84  130.54  130.54  130.54  130.54  131.67  135.64  139.61  141.01  147.55  144.89  142.23  139.57  136.91
2022  136.11   136.7  137.29  137.89  137.76  133.34  128.92  124.49  120.07  110.32  100.57   90.81   81.06    70.6   59.61   48.62   37.62   30.95   33.69   36.44   39.18   41.93   52.02   77.97                                                                                                                                                                                                                                
**** Planta:  508 SOGAMOSO     Penal:          -1.
A~NO ......1 ......2 ......3 ......4 ......5 ......6 ......7 ......8 ......9 .....10 .....11 .....12 .....13 .....14 .....15 .....16 .....17 .....18 .....19 .....20 .....21 .....22 .....23 .....24 .....25 .....26 .....27 .....28 .....29 .....30 .....31 .....32 .....33 .....34 .....35 .....36 .....37 .....38 .....39 .....40 .....41 .....42 .....43 .....44 .....45 .....46 .....47 .....48 .....49 .....50 .....51 .....52
2019                                                                                                                                                                                                 1024.57 1073.84 1112.44 1151.03 1189.63 1228.23 1267.37 1306.91 1346.46    1386 1425.76 1466.74 1507.73 1548.71  1589.7 1648.34 1709.94 1771.53 1833.12  1898.2 1967.92 2037.65 2107.37 2235.38 2210.48 2185.58 2160.69 2135.79
2020 2061.11 1949.08 1837.05 1726.69 1626.08 1499.73 1386.62 1273.52 1160.42  1079.5  998.59  917.68  836.77  772.69  721.24  669.79  618.34  608.79  672.26  735.74  799.21  862.68  911.95  961.22 1024.57 1073.84 1112.44 1151.03 1189.63 1228.23 1267.37 1306.91 1346.46    1386 1425.76 1466.74 1507.73 1548.71  1589.7 1648.34 1709.94 1771.53 1833.12  1898.2 1967.92 2037.65 2107.37 2235.38 2210.48 2185.58 2160.69 2135.79
2021 2061.11 1949.08 1837.05 1726.69 1626.08 1499.73 1386.62 1273.52 1160.42  1079.5  998.59  917.68  836.77  772.69  721.24  669.79  618.34  608.79  672.26  735.74  799.21  862.68  911.95  961.22 1024.57 1073.84 1112.44 1151.03 1189.63 1228.23 1267.37 1306.91 1346.46    1386 1425.76 1466.74 1507.73 1548.71  1589.7 1648.34 1709.94 1771.53 1833.12  1898.2 1967.92 2037.65 2107.37 2235.38 2210.48 2185.58 2160.69 2135.79
2022 2061.11 1949.08 1837.05 1726.69 1626.08 1499.73 1386.62 1273.52 1160.42  1079.5  998.59  917.68  836.77  772.69  721.24  669.79  618.34  608.79  672.26  735.74  799.21  862.68  911.95  961.22                                                                                                                                                                                                                                
