**** Planta:  101 URRA         Penal:          -1.
A~NO ......1 ......2 ......3 ......4 ......5 ......6 ......7 ......8 ......9 .....10 .....11 .....12 .....13 .....14 .....15 .....16 .....17 .....18 .....19 .....20 .....21 .....22 .....23 .....24 .....25 .....26 .....27 .....28 .....29 .....30 .....31 .....32 .....33 .....34 .....35 .....36 .....37 .....38 .....39 .....40 .....41 .....42 .....43 .....44 .....45 .....46 .....47 .....48 .....49 .....50 .....51 .....52
2019                                                                                                                                                                                                                                                                          404.79  404.79  404.79  404.79  404.79  404.79  404.79  404.79  404.79  404.79  404.79  404.79  404.79  404.79  404.79  404.79  404.79  404.79  404.79
2020  404.79  404.79  404.79  404.79  404.79  404.79  404.79  404.79  404.79  404.79  404.79  404.79  404.79  404.79  404.79  404.79  404.79  404.79  404.79  404.79  404.79  404.79  404.79  404.79  404.79  404.79  404.79  404.79  404.79  404.79  404.79  404.79  404.79  404.79  404.79  404.79  404.79  404.79  404.79  404.79  404.79  404.79  404.79  404.79  404.79  404.79  404.79  404.79  404.79  404.79  404.79  404.79
2021  404.79  404.79  404.79  404.79  404.79  404.79  404.79  404.79  404.79  404.79  404.79  404.79  404.79  404.79  404.79  404.79  404.79  404.79  404.79  404.79  404.79  404.79  404.79  404.79  404.79  404.79  404.79  404.79  404.79  404.79  404.79  404.79  404.79  404.79  404.79  404.79  404.79  404.79  404.79  404.79  404.79  404.79  404.79  404.79  404.79  404.79  404.79  404.79  404.79  404.79  404.79  404.79
2022  404.79  404.79  404.79  404.79  404.79  404.79  404.79  404.79  404.79  404.79  404.79  404.79  404.79  404.79  404.79  404.79  404.79  404.79  404.79  404.79  404.79  404.79  404.79  404.79  404.79  404.79  404.79  404.79  404.79  404.79  404.79  404.79  404.79                                                                                                                                                        
**** Planta:  102 GUATAPE      Penal:          -1.
A~NO ......1 ......2 ......3 ......4 ......5 ......6 ......7 ......8 ......9 .....10 .....11 .....12 .....13 .....14 .....15 .....16 .....17 .....18 .....19 .....20 .....21 .....22 .....23 .....24 .....25 .....26 .....27 .....28 .....29 .....30 .....31 .....32 .....33 .....34 .....35 .....36 .....37 .....38 .....39 .....40 .....41 .....42 .....43 .....44 .....45 .....46 .....47 .....48 .....49 .....50 .....51 .....52
2019                                                                                                                                                                                                                                                                          198.86  205.48  212.93  220.39  227.85   235.3  244.74   254.5  264.27  274.03  283.81   293.6  303.39  313.19  320.25  310.96  301.67  292.38  283.08
2020  271.59  259.21  246.84  234.46     222  209.33  196.65  183.98  171.23  158.04  144.84  131.64  118.44  108.53   99.93   91.34   82.74    81.3   89.39   97.48  105.58  113.67  121.64  129.61  137.58  145.54  152.32  158.62  164.93  171.23  177.58  184.06  190.53  198.86  205.48  212.93  220.39  227.85   235.3  244.74   254.5  264.27  274.03  283.81   293.6  303.39  313.19  320.25  310.96  301.67  292.38  283.08
2021  271.59  259.21  246.84  234.46     222  209.33  196.65  183.98  171.23  158.04  144.84  131.64  118.44  108.53   99.93   91.34   82.74    81.3   89.39   97.48  105.58  113.67  121.64  129.61  137.58  145.54  152.32  158.62  164.93  171.23  177.58  184.06  190.53  198.86  205.48  212.93  220.39  227.85   235.3  244.74   254.5  264.27  274.03  283.81   293.6  303.39  313.19  320.25  310.96  301.67  292.38  283.08
2022  271.59  259.21  246.84  234.46     222  209.33  196.65  183.98  171.23  158.04  144.84  131.64  118.44  108.53   99.93   91.34   82.74    81.3   89.39   97.48  105.58  113.67  121.64  129.61  137.58  145.54  152.32  158.62  164.93  171.23  177.58  184.06  190.53                                                                                                                                                        
**** Planta:  103 JAGUAS       Penal:          -1.
A~NO ......1 ......2 ......3 ......4 ......5 ......6 ......7 ......8 ......9 .....10 .....11 .....12 .....13 .....14 .....15 .....16 .....17 .....18 .....19 .....20 .....21 .....22 .....23 .....24 .....25 .....26 .....27 .....28 .....29 .....30 .....31 .....32 .....33 .....34 .....35 .....36 .....37 .....38 .....39 .....40 .....41 .....42 .....43 .....44 .....45 .....46 .....47 .....48 .....49 .....50 .....51 .....52
2019                                                                                                                                                                                                                                                                           63.67   66.48   69.81   73.15   76.49   79.82   83.46   87.16   90.85   94.54   98.02   101.2  104.39  107.58   110.1  108.66  107.22  105.78  104.34
2020  100.18   94.94   89.69   84.45   78.54   70.98   63.41   55.85   48.52   42.54   36.57   30.59   24.62   21.96   20.63   19.29   17.96   18.59   21.83   25.07   28.31   31.55   34.29   37.03   39.77   42.51   45.01   47.41   49.82   52.22   54.72   57.44   60.16   63.67   66.48   69.81   73.15   76.49   79.82   83.46   87.16   90.85   94.54   98.02   101.2  104.39  107.58   110.1  108.66  107.22  105.78  104.34
2021  100.18   94.94   89.69   84.45   78.54   70.98   63.41   55.85   48.52   42.54   36.57   30.59   24.62   21.96   20.63   19.29   17.96   18.59   21.83   25.07   28.31   31.55   34.29   37.03   39.77   42.51   45.01   47.41   49.82   52.22   54.72   57.44   60.16   63.67   66.48   69.81   73.15   76.49   79.82   83.46   87.16   90.85   94.54   98.02   101.2  104.39  107.58   110.1  108.66  107.22  105.78  104.34
2022  100.18   94.94   89.69   84.45   78.54   70.98   63.41   55.85   48.52   42.54   36.57   30.59   24.62   21.96   20.63   19.29   17.96   18.59   21.83   25.07   28.31   31.55   34.29   37.03   39.77   42.51   45.01   47.41   49.82   52.22   54.72   57.44   60.16                                                                                                                                                        
**** Planta:  104 PLAYAS       Penal:          -1.
A~NO ......1 ......2 ......3 ......4 ......5 ......6 ......7 ......8 ......9 .....10 .....11 .....12 .....13 .....14 .....15 .....16 .....17 .....18 .....19 .....20 .....21 .....22 .....23 .....24 .....25 .....26 .....27 .....28 .....29 .....30 .....31 .....32 .....33 .....34 .....35 .....36 .....37 .....38 .....39 .....40 .....41 .....42 .....43 .....44 .....45 .....46 .....47 .....48 .....49 .....50 .....51 .....52
2019                                                                                                                                                                                                                                                                           33.98   34.74   35.61   36.47   37.33    38.2   39.29   40.43   41.56   42.69   43.83   44.96    46.1   47.24   48.15   47.71   47.27   46.83    46.4
2020   45.13   43.54   41.95   40.36   38.56   36.27   33.97   31.67   29.44   27.63   25.81   23.99   22.18   21.37   20.97   20.56   20.16   20.33   21.27   22.21   23.15   24.09   25.01   25.94   26.86   27.79   28.57    29.3   30.04   30.77    31.5   32.26   33.01   33.98   34.74   35.61   36.47   37.33    38.2   39.29   40.43   41.56   42.69   43.83   44.96    46.1   47.24   48.15   47.71   47.27   46.83    46.4
2021   45.13   43.54   41.95   40.36   38.56   36.27   33.97   31.67   29.44   27.63   25.81   23.99   22.18   21.37   20.97   20.56   20.16   20.33   21.27   22.21   23.15   24.09   25.01   25.94   26.86   27.79   28.57    29.3   30.04   30.77    31.5   32.26   33.01   33.98   34.74   35.61   36.47   37.33    38.2   39.29   40.43   41.56   42.69   43.83   44.96    46.1   47.24   48.15   47.71   47.27   46.83    46.4
2022   45.13   43.54   41.95   40.36   38.56   36.27   33.97   31.67   29.44   27.63   25.81   23.99   22.18   21.37   20.97   20.56   20.16   20.33   21.27   22.21   23.15   24.09   25.01   25.94   26.86   27.79   28.57    29.3   30.04   30.77    31.5   32.26   33.01                                                                                                                                                        
**** Planta:  105 SAN CARLOS   Penal:          -1.
A~NO ......1 ......2 ......3 ......4 ......5 ......6 ......7 ......8 ......9 .....10 .....11 .....12 .....13 .....14 .....15 .....16 .....17 .....18 .....19 .....20 .....21 .....22 .....23 .....24 .....25 .....26 .....27 .....28 .....29 .....30 .....31 .....32 .....33 .....34 .....35 .....36 .....37 .....38 .....39 .....40 .....41 .....42 .....43 .....44 .....45 .....46 .....47 .....48 .....49 .....50 .....51 .....52
2019                                                                                                                                                                                                                                                                           22.03   22.78   23.63   24.48   25.33   26.18   27.26   28.37   29.49    30.6   31.72   32.84   33.96   35.08   35.98   35.55   35.12   34.68   34.25
2020   33.01   31.44   29.87    28.3   26.53   24.28   22.02   19.76   17.56   15.78   13.99   12.21   10.42    9.63    9.23    8.83    8.43     8.6    9.52   10.44   11.37   12.29    13.2   14.11   15.02   15.93    16.7   17.42   18.15   18.87   19.59   20.33   21.07   22.03   22.78   23.63   24.48   25.33   26.18   27.26   28.37   29.49    30.6   31.72   32.84   33.96   35.08   35.98   35.55   35.12   34.68   34.25
2021   33.01   31.44   29.87    28.3   26.53   24.28   22.02   19.76   17.56   15.78   13.99   12.21   10.42    9.63    9.23    8.83    8.43     8.6    9.52   10.44   11.37   12.29    13.2   14.11   15.02   15.93    16.7   17.42   18.15   18.87   19.59   20.33   21.07   22.03   22.78   23.63   24.48   25.33   26.18   27.26   28.37   29.49    30.6   31.72   32.84   33.96   35.08   35.98   35.55   35.12   34.68   34.25
2022   33.01   31.44   29.87    28.3   26.53   24.28   22.02   19.76   17.56   15.78   13.99   12.21   10.42    9.63    9.23    8.83    8.43     8.6    9.52   10.44   11.37   12.29    13.2   14.11   15.02   15.93    16.7   17.42   18.15   18.87   19.59   20.33   21.07                                                                                                                                                        
**** Planta:  110 MIRAFLORES   Penal:          -1.
A~NO ......1 ......2 ......3 ......4 ......5 ......6 ......7 ......8 ......9 .....10 .....11 .....12 .....13 .....14 .....15 .....16 .....17 .....18 .....19 .....20 .....21 .....22 .....23 .....24 .....25 .....26 .....27 .....28 .....29 .....30 .....31 .....32 .....33 .....34 .....35 .....36 .....37 .....38 .....39 .....40 .....41 .....42 .....43 .....44 .....45 .....46 .....47 .....48 .....49 .....50 .....51 .....52
2019                                                                                                                                                                                                                                                                           17.72   18.34   18.95   19.57   20.19    20.8   21.57   22.36   23.15   23.94    24.7   25.42   26.14   26.85   27.35   26.49   25.63   24.77   23.91
2020   22.87   21.76   20.66   19.55   18.44   17.32    16.2   15.08   13.96   12.81   11.67   10.52    9.38    8.48    7.69    6.89    6.09    6.02     6.9    7.78    8.67    9.55   10.28   11.01   11.73   12.46   13.13   13.77    14.4   15.04   15.68    16.3   16.92   17.72   18.34   18.95   19.57   20.19    20.8   21.57   22.36   23.15   23.94    24.7   25.42   26.14   26.85   27.35   26.49   25.63   24.77   23.91
2021   22.87   21.76   20.66   19.55   18.44   17.32    16.2   15.08   13.96   12.81   11.67   10.52    9.38    8.48    7.69    6.89    6.09    6.02     6.9    7.78    8.67    9.55   10.28   11.01   11.73   12.46   13.13   13.77    14.4   15.04   15.68    16.3   16.92   17.72   18.34   18.95   19.57   20.19    20.8   21.57   22.36   23.15   23.94    24.7   25.42   26.14   26.85   27.35   26.49   25.63   24.77   23.91
2022   22.87   21.76   20.66   19.55   18.44   17.32    16.2   15.08   13.96   12.81   11.67   10.52    9.38    8.48    7.69    6.89    6.09    6.02     6.9    7.78    8.67    9.55   10.28   11.01   11.73   12.46   13.13   13.77    14.4   15.04   15.68    16.3   16.92                                                                                                                                                        
**** Planta:  112 TRONERAS     Penal:          -1.
A~NO ......1 ......2 ......3 ......4 ......5 ......6 ......7 ......8 ......9 .....10 .....11 .....12 .....13 .....14 .....15 .....16 .....17 .....18 .....19 .....20 .....21 .....22 .....23 .....24 .....25 .....26 .....27 .....28 .....29 .....30 .....31 .....32 .....33 .....34 .....35 .....36 .....37 .....38 .....39 .....40 .....41 .....42 .....43 .....44 .....45 .....46 .....47 .....48 .....49 .....50 .....51 .....52
2019                                                                                                                                                                                                                                                                           15.61   15.97   16.33   16.68   17.03   17.39   17.83   18.29   18.74    19.2   19.64   20.05   20.47   20.88   21.21   21.02   20.82   20.62   20.43
2020   19.86   19.15   18.45   17.74   16.94   15.91   14.89   13.87   12.87   12.07   11.26   10.45    9.64    9.28     9.1    8.92    8.74    8.86    9.37    9.88   10.39    10.9   11.32   11.74   12.16   12.58   12.96   13.33    13.7   14.07   14.43   14.79   15.15   15.61   15.97   16.33   16.68   17.03   17.39   17.83   18.29   18.74    19.2   19.64   20.05   20.47   20.88   21.21   21.02   20.82   20.62   20.43
2021   19.86   19.15   18.45   17.74   16.94   15.91   14.89   13.87   12.87   12.07   11.26   10.45    9.64    9.28     9.1    8.92    8.74    8.86    9.37    9.88   10.39    10.9   11.32   11.74   12.16   12.58   12.96   13.33    13.7   14.07   14.43   14.79   15.15   15.61   15.97   16.33   16.68   17.03   17.39   17.83   18.29   18.74    19.2   19.64   20.05   20.47   20.88   21.21   21.02   20.82   20.62   20.43
2022   19.86   19.15   18.45   17.74   16.94   15.91   14.89   13.87   12.87   12.07   11.26   10.45    9.64    9.28     9.1    8.92    8.74    8.86    9.37    9.88   10.39    10.9   11.32   11.74   12.16   12.58   12.96   13.33    13.7   14.07   14.43   14.79   15.15                                                                                                                                                        
**** Planta:  115 LA TASAJERA  Penal:          -1.
A~NO ......1 ......2 ......3 ......4 ......5 ......6 ......7 ......8 ......9 .....10 .....11 .....12 .....13 .....14 .....15 .....16 .....17 .....18 .....19 .....20 .....21 .....22 .....23 .....24 .....25 .....26 .....27 .....28 .....29 .....30 .....31 .....32 .....33 .....34 .....35 .....36 .....37 .....38 .....39 .....40 .....41 .....42 .....43 .....44 .....45 .....46 .....47 .....48 .....49 .....50 .....51 .....52
2019                                                                                                                                                                                                                                                                           88.95   91.06   93.31   95.57   97.82  100.07   102.9  105.84  108.77   111.7  114.81  118.14  121.47   124.8  127.48  126.26  125.04  123.82   122.6
2020  119.08  114.64  110.19  105.75  100.75   94.35   87.94   81.54   75.33   70.27   65.21   60.15    55.1   52.84   51.71   50.58   49.46   50.04   52.92   55.79   58.67   61.54   64.05   66.56   69.07   71.57   73.77   75.84   77.92   79.99   82.07   84.16   86.25   88.95   91.06   93.31   95.57   97.82  100.07   102.9  105.84  108.77   111.7  114.81  118.14  121.47   124.8  127.48  126.26  125.04  123.82   122.6
2021  119.08  114.64  110.19  105.75  100.75   94.35   87.94   81.54   75.33   70.27   65.21   60.15    55.1   52.84   51.71   50.58   49.46   50.04   52.92   55.79   58.67   61.54   64.05   66.56   69.07   71.57   73.77   75.84   77.92   79.99   82.07   84.16   86.25   88.95   91.06   93.31   95.57   97.82  100.07   102.9  105.84  108.77   111.7  114.81  118.14  121.47   124.8  127.48  126.26  125.04  123.82   122.6
2022  119.08  114.64  110.19  105.75  100.75   94.35   87.94   81.54   75.33   70.27   65.21   60.15    55.1   52.84   51.71   50.58   49.46   50.04   52.92   55.79   58.67   61.54   64.05   66.56   69.07   71.57   73.77   75.84   77.92   79.99   82.07   84.16   86.25                                                                                                                                                        
**** Planta:  213 GUAVIO       Penal:          -1.
A~NO ......1 ......2 ......3 ......4 ......5 ......6 ......7 ......8 ......9 .....10 .....11 .....12 .....13 .....14 .....15 .....16 .....17 .....18 .....19 .....20 .....21 .....22 .....23 .....24 .....25 .....26 .....27 .....28 .....29 .....30 .....31 .....32 .....33 .....34 .....35 .....36 .....37 .....38 .....39 .....40 .....41 .....42 .....43 .....44 .....45 .....46 .....47 .....48 .....49 .....50 .....51 .....52
2019                                                                                                                                                                                                                                                                          317.18  333.44  345.31  357.18  369.05  380.92  390.51  399.71  408.91  418.11  426.77  434.71  442.65  450.59  456.42  449.61  442.81  436.01   429.2
2020  409.57   384.8  360.02  335.25  307.36  271.64  235.93  200.22  165.58  137.37  109.16   80.95   52.74   40.19   33.89    27.6   21.31   24.01   38.72   53.42   68.13   82.83  102.08  121.32  140.57  159.81  180.02  200.61   221.2  241.79  261.35  278.34  295.33  317.18  333.44  345.31  357.18  369.05  380.92  390.51  399.71  408.91  418.11  426.77  434.71  442.65  450.59  456.42  449.61  442.81  436.01   429.2
2021  409.57   384.8  360.02  335.25  307.36  271.64  235.93  200.22  165.58  137.37  109.16   80.95   52.74   40.19   33.89    27.6   21.31   24.01   38.72   53.42   68.13   82.83  102.08  121.32  140.57  159.81  180.02  200.61   221.2  241.79  261.35  278.34  295.33  317.18  333.44  345.31  357.18  369.05  380.92  390.51  399.71  408.91  418.11  426.77  434.71  442.65  450.59  456.42  449.61  442.81  436.01   429.2
2022  409.57   384.8  360.02  335.25  307.36  271.64  235.93  200.22  165.58  137.37  109.16   80.95   52.74   40.19   33.89    27.6   21.31   24.01   38.72   53.42   68.13   82.83  102.08  121.32  140.57  159.81  180.02  200.61   221.2  241.79  261.35  278.34  295.33                                                                                                                                                        
**** Planta:  214 SISGA        Penal:          -1.
A~NO ......1 ......2 ......3 ......4 ......5 ......6 ......7 ......8 ......9 .....10 .....11 .....12 .....13 .....14 .....15 .....16 .....17 .....18 .....19 .....20 .....21 .....22 .....23 .....24 .....25 .....26 .....27 .....28 .....29 .....30 .....31 .....32 .....33 .....34 .....35 .....36 .....37 .....38 .....39 .....40 .....41 .....42 .....43 .....44 .....45 .....46 .....47 .....48 .....49 .....50 .....51 .....52
2019                                                                                                                                                                                                                                                                           25.81   26.03   26.27    26.5   26.73   26.97      27      27      27      27    27.4   28.33   29.27    30.2   30.84   29.71   28.58   27.45   26.32
2020   25.52   24.84   24.16   23.48   22.72   21.76   20.79   19.83   18.97   18.74   18.52   18.29   18.06      18      18      18      18      18      18      18      18      18   18.47   18.93    19.4   19.87   20.81   21.94   23.06   24.19   25.06   25.29   25.52   25.81   26.03   26.27    26.5   26.73   26.97      27      27      27      27    27.4   28.33   29.27    30.2   30.84   29.71   28.58   27.45   26.32
2021   25.52   24.84   24.16   23.48   22.72   21.76   20.79   19.83   18.97   18.74   18.52   18.29   18.06      18      18      18      18      18      18      18      18      18   18.47   18.93    19.4   19.87   20.81   21.94   23.06   24.19   25.06   25.29   25.52   25.81   26.03   26.27    26.5   26.73   26.97      27      27      27      27    27.4   28.33   29.27    30.2   30.84   29.71   28.58   27.45   26.32
2022   25.52   24.84   24.16   23.48   22.72   21.76   20.79   19.83   18.97   18.74   18.52   18.29   18.06      18      18      18      18      18      18      18      18      18   18.47   18.93    19.4   19.87   20.81   21.94   23.06   24.19   25.06   25.29   25.52                                                                                                                                                        
**** Planta:  301 TOMINE       Penal:          -1.
A~NO ......1 ......2 ......3 ......4 ......5 ......6 ......7 ......8 ......9 .....10 .....11 .....12 .....13 .....14 .....15 .....16 .....17 .....18 .....19 .....20 .....21 .....22 .....23 .....24 .....25 .....26 .....27 .....28 .....29 .....30 .....31 .....32 .....33 .....34 .....35 .....36 .....37 .....38 .....39 .....40 .....41 .....42 .....43 .....44 .....45 .....46 .....47 .....48 .....49 .....50 .....51 .....52
2019                                                                                                                                                                                                                                                                           96.13  100.33  102.67     105  107.33  109.67     110     110     110     110     111  113.33  115.67     118  119.03  112.26  105.48   98.71   91.94
2020   86.77   82.26   77.74   73.23   67.93   60.69   53.45   46.21   39.68   37.42   35.16    32.9   30.65      30      30      30      30      30      30      30      30      30   34.67   39.33      44   48.67   54.84   61.61   68.39   75.16   81.29   85.81   90.32   96.13  100.33  102.67     105  107.33  109.67     110     110     110     110     111  113.33  115.67     118  119.03  112.26  105.48   98.71   91.94
2021   86.77   82.26   77.74   73.23   67.93   60.69   53.45   46.21   39.68   37.42   35.16    32.9   30.65      30      30      30      30      30      30      30      30      30   34.67   39.33      44   48.67   54.84   61.61   68.39   75.16   81.29   85.81   90.32   96.13  100.33  102.67     105  107.33  109.67     110     110     110     110     111  113.33  115.67     118  119.03  112.26  105.48   98.71   91.94
2022   86.77   82.26   77.74   73.23   67.93   60.69   53.45   46.21   39.68   37.42   35.16    32.9   30.65      30      30      30      30      30      30      30      30      30   34.67   39.33      44   48.67   54.84   61.61   68.39   75.16   81.29   85.81   90.32                                                                                                                                                        
**** Planta:  302 NEUSA        Penal:          -1.
A~NO ......1 ......2 ......3 ......4 ......5 ......6 ......7 ......8 ......9 .....10 .....11 .....12 .....13 .....14 .....15 .....16 .....17 .....18 .....19 .....20 .....21 .....22 .....23 .....24 .....25 .....26 .....27 .....28 .....29 .....30 .....31 .....32 .....33 .....34 .....35 .....36 .....37 .....38 .....39 .....40 .....41 .....42 .....43 .....44 .....45 .....46 .....47 .....48 .....49 .....50 .....51 .....52
2019                                                                                                                                                                                                                                                                           65.23   66.03   66.27    66.5   66.73   66.97      67      67      67      67    67.3      68    68.7    69.4   69.81   68.45    67.1   65.74   64.39
2020   62.87   61.29   59.71   58.13   56.45   54.52   52.59   50.66   48.77   47.19   45.61   44.03   42.45      42      42      42      42   42.19   42.65    43.1   43.55      44   45.63   47.27    48.9   50.53   52.77   55.26   57.74   60.23   62.26   63.16   64.06   65.23   66.03   66.27    66.5   66.73   66.97      67      67      67      67    67.3      68    68.7    69.4   69.81   68.45    67.1   65.74   64.39
2021   62.87   61.29   59.71   58.13   56.45   54.52   52.59   50.66   48.77   47.19   45.61   44.03   42.45      42      42      42      42   42.19   42.65    43.1   43.55      44   45.63   47.27    48.9   50.53   52.77   55.26   57.74   60.23   62.26   63.16   64.06   65.23   66.03   66.27    66.5   66.73   66.97      67      67      67      67    67.3      68    68.7    69.4   69.81   68.45    67.1   65.74   64.39
2022   62.87   61.29   59.71   58.13   56.45   54.52   52.59   50.66   48.77   47.19   45.61   44.03   42.45      42      42      42      42   42.19   42.65    43.1   43.55      44   45.63   47.27    48.9   50.53   52.77   55.26   57.74   60.23   62.26   63.16   64.06                                                                                                                                                        
**** Planta:  305 CHUZA        Penal:          -1.
A~NO ......1 ......2 ......3 ......4 ......5 ......6 ......7 ......8 ......9 .....10 .....11 .....12 .....13 .....14 .....15 .....16 .....17 .....18 .....19 .....20 .....21 .....22 .....23 .....24 .....25 .....26 .....27 .....28 .....29 .....30 .....31 .....32 .....33 .....34 .....35 .....36 .....37 .....38 .....39 .....40 .....41 .....42 .....43 .....44 .....45 .....46 .....47 .....48 .....49 .....50 .....51 .....52
2019                                                                                                                                                                                                                                                                          136.13  140.33  142.67     145  147.33  149.67  151.94  154.19  156.45  158.71   158.5     155   151.5     148  144.52  141.13  137.74  134.35  130.97
2020  125.16  118.39  111.61  104.84   97.93   90.69   83.45   76.21   69.19   63.55    57.9   52.26   46.61   44.17      43   41.83   40.67   41.45   44.84   48.23   51.61      55   63.17   71.33    79.5   87.67   94.84  101.61  108.39  115.16  121.29  125.81  130.32  136.13  140.33  142.67     145  147.33  149.67  151.94  154.19  156.45  158.71   158.5     155   151.5     148  144.52  141.13  137.74  134.35  130.97
2021  125.16  118.39  111.61  104.84   97.93   90.69   83.45   76.21   69.19   63.55    57.9   52.26   46.61   44.17      43   41.83   40.67   41.45   44.84   48.23   51.61      55   63.17   71.33    79.5   87.67   94.84  101.61  108.39  115.16  121.29  125.81  130.32  136.13  140.33  142.67     145  147.33  149.67  151.94  154.19  156.45  158.71   158.5     155   151.5     148  144.52  141.13  137.74  134.35  130.97
2022  125.16  118.39  111.61  104.84   97.93   90.69   83.45   76.21   69.19   63.55    57.9   52.26   46.61   44.17      43   41.83   40.67   41.45   44.84   48.23   51.61      55   63.17   71.33    79.5   87.67   94.84  101.61  108.39  115.16  121.29  125.81  130.32                                                                                                                                                        
**** Planta:  399 EL QUIMBO    Penal:          -1.
A~NO ......1 ......2 ......3 ......4 ......5 ......6 ......7 ......8 ......9 .....10 .....11 .....12 .....13 .....14 .....15 .....16 .....17 .....18 .....19 .....20 .....21 .....22 .....23 .....24 .....25 .....26 .....27 .....28 .....29 .....30 .....31 .....32 .....33 .....34 .....35 .....36 .....37 .....38 .....39 .....40 .....41 .....42 .....43 .....44 .....45 .....46 .....47 .....48 .....49 .....50 .....51 .....52
2019                                                                                                                                                                                                                                                                         1314.89 1358.44 1385.74 1413.04 1440.33 1467.63 1497.03 1526.78 1556.54 1586.29 1623.28 1669.91 1716.55 1763.19 1800.16 1779.15 1758.14 1737.13 1716.12
2020 1655.48 1578.99 1502.49    1426 1339.85 1229.57 1119.29 1009.01  902.05  814.94  727.83  640.72  553.61  514.84  495.41  475.98  456.54  468.95  523.81  578.68  633.54   688.4  743.61  798.83  854.04  909.25  961.26 1011.98 1062.71 1113.43 1162.88 1209.14  1255.4 1314.89 1358.44 1385.74 1413.04 1440.33 1467.63 1497.03 1526.78 1556.54 1586.29 1623.28 1669.91 1716.55 1763.19 1800.16 1779.15 1758.14 1737.13 1716.12
2021 1655.48 1578.99 1502.49    1426 1339.85 1229.57 1119.29 1009.01  902.05  814.94  727.83  640.72  553.61  514.84  495.41  475.98  456.54  468.95  523.81  578.68  633.54   688.4  743.61  798.83  854.04  909.25  961.26 1011.98 1062.71 1113.43 1162.88 1209.14  1255.4 1314.89 1358.44 1385.74 1413.04 1440.33 1467.63 1497.03 1526.78 1556.54 1586.29 1623.28 1669.91 1716.55 1763.19 1800.16 1779.15 1758.14 1737.13 1716.12
2022 1655.48 1578.99 1502.49    1426 1339.85 1229.57 1119.29 1009.01  902.05  814.94  727.83  640.72  553.61  514.84  495.41  475.98  456.54  468.95  523.81  578.68  633.54   688.4  743.61  798.83  854.04  909.25  961.26 1011.98 1062.71 1113.43 1162.88 1209.14  1255.4                                                                                                                                                        
**** Planta:  403 CHIVOR       Penal:          -1.
A~NO ......1 ......2 ......3 ......4 ......5 ......6 ......7 ......8 ......9 .....10 .....11 .....12 .....13 .....14 .....15 .....16 .....17 .....18 .....19 .....20 .....21 .....22 .....23 .....24 .....25 .....26 .....27 .....28 .....29 .....30 .....31 .....32 .....33 .....34 .....35 .....36 .....37 .....38 .....39 .....40 .....41 .....42 .....43 .....44 .....45 .....46 .....47 .....48 .....49 .....50 .....51 .....52
2019                                                                                                                                                                                                                                                                   97.35  102.66  107.67  110.92  114.16   117.4  120.65  123.18  125.59    128.  130.41  132.69  134.78  136.87  138.97  140.01  134.78  129.55   92.72    23.3
2020    23.3                                                                                                                                                           31.89   34.39   39.21   44.03   48.85   53.66   59.66   66.13    72.6   79.07   85.21   90.52   97.35  102.66  107.67  110.92  114.16   117.4  120.65  123.18  125.59    128.  130.41  132.69  134.78  136.87  138.97  140.01  134.78  129.55  124.32  119.09
2021  112.48  105.32   98.16     91.   84.32   78.84   73.36   67.88   62.57   58.25   53.92   49.59   45.27   40.58   35.74    30.9   26.06   24.37   26.88   29.38   31.89   34.39   39.21   44.03   48.85   53.66   59.66   66.13    72.6   79.07   85.21   90.52   97.35  102.66  107.67  110.92  114.16   117.4  120.65  123.18  125.59    128.  130.41  132.69  134.78  136.87  138.97  140.01  134.78  129.55  124.32  119.09
2022  112.48  105.32   98.16     91.   84.32   78.84   73.36   67.88   62.57   58.25   53.92   49.59   45.27   40.58   35.74    30.9   26.06   24.37   26.88   29.38   31.89   34.39   39.21   44.03   48.85   53.66   59.66   66.13    72.6   79.07   85.21   90.52                                                                                                                                                                
**** Planta:  404 PRADO        Penal:          -1.
A~NO ......1 ......2 ......3 ......4 ......5 ......6 ......7 ......8 ......9 .....10 .....11 .....12 .....13 .....14 .....15 .....16 .....17 .....18 .....19 .....20 .....21 .....22 .....23 .....24 .....25 .....26 .....27 .....28 .....29 .....30 .....31 .....32 .....33 .....34 .....35 .....36 .....37 .....38 .....39 .....40 .....41 .....42 .....43 .....44 .....45 .....46 .....47 .....48 .....49 .....50 .....51 .....52
2019                                                                                                                                                                                                                                                                          454.93  457.29  460.41  463.54  466.67  469.79  477.38  485.71  494.03  502.36  513.61  528.75  543.89  559.02  571.47  567.72  563.98  560.23  556.49
2020  545.68  532.05  518.41  504.78  489.42  469.77  450.12  430.47   411.4  395.88  380.35  364.82   349.3  342.39  338.92  335.46     332  336.17  350.53  364.89  379.24   393.6  402.08  410.55  419.03  427.51  432.68  436.53  440.38  444.23  447.62  449.84  452.07  454.93  457.29  460.41  463.54  466.67  469.79  477.38  485.71  494.03  502.36  513.61  528.75  543.89  559.02  571.47  567.72  563.98  560.23  556.49
2021  545.68  532.05  518.41  504.78  489.42  469.77  450.12  430.47   411.4  395.88  380.35  364.82   349.3  342.39  338.92  335.46     332  336.17  350.53  364.89  379.24   393.6  402.08  410.55  419.03  427.51  432.68  436.53  440.38  444.23  447.62  449.84  452.07  454.93  457.29  460.41  463.54  466.67  469.79  477.38  485.71  494.03  502.36  513.61  528.75  543.89  559.02  571.47  567.72  563.98  560.23  556.49
2022  545.68  532.05  518.41  504.78  489.42  469.77  450.12  430.47   411.4  395.88  380.35  364.82   349.3  342.39  338.92  335.46     332  336.17  350.53  364.89  379.24   393.6  402.08  410.55  419.03  427.51  432.68  436.53  440.38  444.23  447.62  449.84  452.07                                                                                                                                                        
**** Planta:  408 BETANIA      Penal:          -1.
A~NO ......1 ......2 ......3 ......4 ......5 ......6 ......7 ......8 ......9 .....10 .....11 .....12 .....13 .....14 .....15 .....16 .....17 .....18 .....19 .....20 .....21 .....22 .....23 .....24 .....25 .....26 .....27 .....28 .....29 .....30 .....31 .....32 .....33 .....34 .....35 .....36 .....37 .....38 .....39 .....40 .....41 .....42 .....43 .....44 .....45 .....46 .....47 .....48 .....49 .....50 .....51 .....52
2019                                                                                                                                                                                                                                                                          722.55   736.5  745.24  753.99  762.73  771.47  780.89  790.42  799.95  809.47  821.32  836.26   851.2  866.14  877.98  871.25  864.52  857.79  851.06
2020  831.64  807.14  782.64  758.14  730.55  695.23  659.91  624.59  590.32  562.42  534.52  506.62  478.71   466.3  460.07  453.85  447.63   451.6  469.17  486.75  504.32  521.89  539.57  557.26  574.94  592.63  609.28  625.53  641.78  658.03  673.86  688.68   703.5  722.55   736.5  745.24  753.99  762.73  771.47  780.89  790.42  799.95  809.47  821.32  836.26   851.2  866.14  877.98  871.25  864.52  857.79  851.06
2021  831.64  807.14  782.64  758.14  730.55  695.23  659.91  624.59  590.32  562.42  534.52  506.62  478.71   466.3  460.07  453.85  447.63   451.6  469.17  486.75  504.32  521.89  539.57  557.26  574.94  592.63  609.28  625.53  641.78  658.03  673.86  688.68   703.5  722.55   736.5  745.24  753.99  762.73  771.47  780.89  790.42  799.95  809.47  821.32  836.26   851.2  866.14  877.98  871.25  864.52  857.79  851.06
2022  831.64  807.14  782.64  758.14  730.55  695.23  659.91  624.59  590.32  562.42  534.52  506.62  478.71   466.3  460.07  453.85  447.63   451.6  469.17  486.75  504.32  521.89  539.57  557.26  574.94  592.63  609.28  625.53  641.78  658.03  673.86  688.68   703.5                                                                                                                                                        
**** Planta:  409 ALTOANCHICAY Penal:          -1.
A~NO ......1 ......2 ......3 ......4 ......5 ......6 ......7 ......8 ......9 .....10 .....11 .....12 .....13 .....14 .....15 .....16 .....17 .....18 .....19 .....20 .....21 .....22 .....23 .....24 .....25 .....26 .....27 .....28 .....29 .....30 .....31 .....32 .....33 .....34 .....35 .....36 .....37 .....38 .....39 .....40 .....41 .....42 .....43 .....44 .....45 .....46 .....47 .....48 .....49 .....50 .....51 .....52
2019                                                                                                                                                                                                                                                                           15.38   15.69   16.12   16.55   16.98   17.41   18.13   18.89   19.66   20.42   21.27   22.24   23.21   24.17   24.96   24.68    24.4   24.11   23.83
2020   23.01   21.98   20.96   19.93   18.77   17.28    15.8   14.31   12.87    11.7   10.52    9.35    8.18    7.65    7.39    7.13    6.87    7.05    7.84    8.62     9.4   10.18   10.78   11.37   11.97   12.57      13   13.37   13.73    14.1   14.44   14.73   15.02   15.38   15.69   16.12   16.55   16.98   17.41   18.13   18.89   19.66   20.42   21.27   22.24   23.21   24.17   24.96   24.68    24.4   24.11   23.83
2021   23.01   21.98   20.96   19.93   18.77   17.28    15.8   14.31   12.87    11.7   10.52    9.35    8.18    7.65    7.39    7.13    6.87    7.05    7.84    8.62     9.4   10.18   10.78   11.37   11.97   12.57      13   13.37   13.73    14.1   14.44   14.73   15.02   15.38   15.69   16.12   16.55   16.98   17.41   18.13   18.89   19.66   20.42   21.27   22.24   23.21   24.17   24.96   24.68    24.4   24.11   23.83
2022   23.01   21.98   20.96   19.93   18.77   17.28    15.8   14.31   12.87    11.7   10.52    9.35    8.18    7.65    7.39    7.13    6.87    7.05    7.84    8.62     9.4   10.18   10.78   11.37   11.97   12.57      13   13.37   13.73    14.1   14.44   14.73   15.02                                                                                                                                                        
**** Planta:  412 CALIMA       Penal:          -1.
A~NO ......1 ......2 ......3 ......4 ......5 ......6 ......7 ......8 ......9 .....10 .....11 .....12 .....13 .....14 .....15 .....16 .....17 .....18 .....19 .....20 .....21 .....22 .....23 .....24 .....25 .....26 .....27 .....28 .....29 .....30 .....31 .....32 .....33 .....34 .....35 .....36 .....37 .....38 .....39 .....40 .....41 .....42 .....43 .....44 .....45 .....46 .....47 .....48 .....49 .....50 .....51 .....52
2019                                                                                                                                                                                                                                                                          229.95  232.67  236.62  240.56   244.5  248.45   256.7  265.67  274.64   283.6  294.84  309.09  323.34  337.59  349.26  345.48   341.7  337.92  334.14
2020  323.23  309.47   295.7  281.94  266.44   246.6  226.76  206.92  187.67     172  156.32  140.65  124.98     118  114.51  111.01  107.52  110.79  123.09  135.39  147.68  159.98  169.12  178.25  187.39  196.53  202.66  207.59  212.51  217.44  221.68   224.2  226.71  229.95  232.67  236.62  240.56   244.5  248.45   256.7  265.67  274.64   283.6  294.84  309.09  323.34  337.59  349.26  345.48   341.7  337.92  334.14
2021  323.23  309.47   295.7  281.94  266.44   246.6  226.76  206.92  187.67     172  156.32  140.65  124.98     118  114.51  111.01  107.52  110.79  123.09  135.39  147.68  159.98  169.12  178.25  187.39  196.53  202.66  207.59  212.51  217.44  221.68   224.2  226.71  229.95  232.67  236.62  240.56   244.5  248.45   256.7  265.67  274.64   283.6  294.84  309.09  323.34  337.59  349.26  345.48   341.7  337.92  334.14
2022  323.23  309.47   295.7  281.94  266.44   246.6  226.76  206.92  187.67     172  156.32  140.65  124.98     118  114.51  111.01  107.52  110.79  123.09  135.39  147.68  159.98  169.12  178.25  187.39  196.53  202.66  207.59  212.51  217.44  221.68   224.2  226.71                                                                                                                                                        
**** Planta:  414 SALVAJINA    Penal:          -1.
A~NO ......1 ......2 ......3 ......4 ......5 ......6 ......7 ......8 ......9 .....10 .....11 .....12 .....13 .....14 .....15 .....16 .....17 .....18 .....19 .....20 .....21 .....22 .....23 .....24 .....25 .....26 .....27 .....28 .....29 .....30 .....31 .....32 .....33 .....34 .....35 .....36 .....37 .....38 .....39 .....40 .....41 .....42 .....43 .....44 .....45 .....46 .....47 .....48 .....49 .....50 .....51 .....52
2019                                                                                                                                                                                                                                                                          219.17  213.98  208.67  203.36  198.05  192.74  188.48  184.39   180.3  176.22  173.88  173.88  173.88  173.88  173.88  173.88  173.88  173.88  173.88
2020  173.88  173.88  173.88  173.88  173.88  173.88  173.88  173.88  173.88  173.88  173.88  173.88  173.88  173.88  173.88  173.88  173.88  175.63  179.72  183.81  187.89  191.98  197.29   202.6  207.91  213.22  218.43  223.59  228.76  233.92  236.13  230.97  225.81  219.17  213.98  208.67  203.36  198.05  192.74  188.48  184.39   180.3  176.22  173.88  173.88  173.88  173.88  173.88  173.88  173.88  173.88  173.88
2021  173.88  173.88  173.88  173.88  173.88  173.88  173.88  173.88  173.88  173.88  173.88  173.88  173.88  173.88  173.88  173.88  173.88  175.63  179.72  183.81  187.89  191.98  197.29   202.6  207.91  213.22  218.43  223.59  228.76  233.92  236.13  230.97  225.81  219.17  213.98  208.67  203.36  198.05  192.74  188.48  184.39   180.3  176.22  173.88  173.88  173.88  173.88  173.88  173.88  173.88  173.88  173.88
2022  173.88  173.88  173.88  173.88  173.88  173.88  173.88  173.88  173.88  173.88  173.88  173.88  173.88  173.88  173.88  173.88  173.88  175.63  179.72  183.81  187.89  191.98  197.29   202.6  207.91  213.22  218.43  223.59  228.76  233.92  236.13  230.97  225.81                                                                                                                                                        
**** Planta:  503 MUNA         Penal:          -1.
A~NO ......1 ......2 ......3 ......4 ......5 ......6 ......7 ......8 ......9 .....10 .....11 .....12 .....13 .....14 .....15 .....16 .....17 .....18 .....19 .....20 .....21 .....22 .....23 .....24 .....25 .....26 .....27 .....28 .....29 .....30 .....31 .....32 .....33 .....34 .....35 .....36 .....37 .....38 .....39 .....40 .....41 .....42 .....43 .....44 .....45 .....46 .....47 .....48 .....49 .....50 .....51 .....52
2019                                                                                                                                                                                                                                                                             4.1    4.17    4.18    4.19     4.2    4.21    4.43    4.68    4.94    5.19    5.54       6    6.46    6.92     7.3    7.19    7.08    6.97    6.85
2020    6.53    6.12    5.71     5.3    4.84    4.25    3.66    3.07    2.49    2.03    1.56     1.1    0.63    0.43    0.32    0.22    0.11    0.26    0.74    1.22    1.71    2.19    2.29     2.4     2.5     2.6    2.82    3.08    3.35    3.61    3.82    3.91    3.99     4.1    4.17    4.18    4.19     4.2    4.21    4.43    4.68    4.94    5.19    5.54       6    6.46    6.92     7.3    7.19    7.08    6.97    6.85
2021    6.53    6.12    5.71     5.3    4.84    4.25    3.66    3.07    2.49    2.03    1.56     1.1    0.63    0.43    0.32    0.22    0.11    0.26    0.74    1.22    1.71    2.19    2.29     2.4     2.5     2.6    2.82    3.08    3.35    3.61    3.82    3.91    3.99     4.1    4.17    4.18    4.19     4.2    4.21    4.43    4.68    4.94    5.19    5.54       6    6.46    6.92     7.3    7.19    7.08    6.97    6.85
2022    6.53    6.12    5.71     5.3    4.84    4.25    3.66    3.07    2.49    2.03    1.56     1.1    0.63    0.43    0.32    0.22    0.11    0.26    0.74    1.22    1.71    2.19    2.29     2.4     2.5     2.6    2.82    3.08    3.35    3.61    3.82    3.91    3.99                                                                                                                                                        
**** Planta:  504 MIEL I       Penal:          -1.
A~NO ......1 ......2 ......3 ......4 ......5 ......6 ......7 ......8 ......9 .....10 .....11 .....12 .....13 .....14 .....15 .....16 .....17 .....18 .....19 .....20 .....21 .....22 .....23 .....24 .....25 .....26 .....27 .....28 .....29 .....30 .....31 .....32 .....33 .....34 .....35 .....36 .....37 .....38 .....39 .....40 .....41 .....42 .....43 .....44 .....45 .....46 .....47 .....48 .....49 .....50 .....51 .....52
2019                                                                                                                                                                                                                                                                           172.1  176.18  181.78  187.38  192.97  198.57   207.9  217.86  227.81  237.76  249.49  263.57  277.66  291.75  303.26  299.33   295.4  291.47  287.54
2020   276.2   261.9  247.59  233.29  217.18  196.56  175.94  155.32  135.31  119.02  102.73   86.44   70.14    62.9   59.26   55.63      52   55.29    67.8   80.32   92.84  105.36  113.08   120.8  128.52  136.24  141.68  146.19  150.71  155.22  159.54  163.37  167.19   172.1  176.18  181.78  187.38  192.97  198.57   207.9  217.86  227.81  237.76  249.49  263.57  277.66  291.75  303.26  299.33   295.4  291.47  287.54
2021   276.2   261.9  247.59  233.29  217.18  196.56  175.94  155.32  135.31  119.02  102.73   86.44   70.14    62.9   59.26   55.63      52   55.29    67.8   80.32   92.84  105.36  113.08   120.8  128.52  136.24  141.68  146.19  150.71  155.22  159.54  163.37  167.19   172.1  176.18  181.78  187.38  192.97  198.57   207.9  217.86  227.81  237.76  249.49  263.57  277.66  291.75  303.26  299.33   295.4  291.47  287.54
2022   276.2   261.9  247.59  233.29  217.18  196.56  175.94  155.32  135.31  119.02  102.73   86.44   70.14    62.9   59.26   55.63      52   55.29    67.8   80.32   92.84  105.36  113.08   120.8  128.52  136.24  141.68  146.19  150.71  155.22  159.54  163.37  167.19                                                                                                                                                        
**** Planta:  505 PORCE II     Penal:          -1.
A~NO ......1 ......2 ......3 ......4 ......5 ......6 ......7 ......8 ......9 .....10 .....11 .....12 .....13 .....14 .....15 .....16 .....17 .....18 .....19 .....20 .....21 .....22 .....23 .....24 .....25 .....26 .....27 .....28 .....29 .....30 .....31 .....32 .....33 .....34 .....35 .....36 .....37 .....38 .....39 .....40 .....41 .....42 .....43 .....44 .....45 .....46 .....47 .....48 .....49 .....50 .....51 .....52
2019                                                                                                                                                                                                                                                                           66.21   67.58   69.04    70.5   71.96   73.42   75.26   77.16   79.06   80.96   82.97   85.13   87.29   89.44   91.18   90.39    89.6   88.81   88.02
2020   85.73   82.85   79.98    77.1   73.85   69.71   65.56   61.41   57.38    54.1   50.82   47.55   44.27   42.81   42.08   41.35   40.62      41   42.86   44.72   46.59   48.45   50.07    51.7   53.32   54.95   56.37   57.71   59.06    60.4   61.75    63.1   64.46   66.21   67.58   69.04    70.5   71.96   73.42   75.26   77.16   79.06   80.96   82.97   85.13   87.29   89.44   91.18   90.39    89.6   88.81   88.02
2021   85.73   82.85   79.98    77.1   73.85   69.71   65.56   61.41   57.38    54.1   50.82   47.55   44.27   42.81   42.08   41.35   40.62      41   42.86   44.72   46.59   48.45   50.07    51.7   53.32   54.95   56.37   57.71   59.06    60.4   61.75    63.1   64.46   66.21   67.58   69.04    70.5   71.96   73.42   75.26   77.16   79.06   80.96   82.97   85.13   87.29   89.44   91.18   90.39    89.6   88.81   88.02
2022   85.73   82.85   79.98    77.1   73.85   69.71   65.56   61.41   57.38    54.1   50.82   47.55   44.27   42.81   42.08   41.35   40.62      41   42.86   44.72   46.59   48.45   50.07    51.7   53.32   54.95   56.37   57.71   59.06    60.4   61.75    63.1   64.46                                                                                                                                                        
**** Planta:  506 PORCE III    Penal:          -1.
A~NO ......1 ......2 ......3 ......4 ......5 ......6 ......7 ......8 ......9 .....10 .....11 .....12 .....13 .....14 .....15 .....16 .....17 .....18 .....19 .....20 .....21 .....22 .....23 .....24 .....25 .....26 .....27 .....28 .....29 .....30 .....31 .....32 .....33 .....34 .....35 .....36 .....37 .....38 .....39 .....40 .....41 .....42 .....43 .....44 .....45 .....46 .....47 .....48 .....49 .....50 .....51 .....52
2019                                                                                                                                                                                                                                                                            68.1   70.12   72.27   74.42   76.56   78.71   81.42   84.22   87.03   89.83   92.79   95.97   99.15  102.33  104.88  103.72  102.55  101.39  100.22
2020   96.86   92.62   88.38   84.14   79.36   73.25   67.13   61.02   55.09   50.26   45.43    40.6   35.77   33.62   32.54   31.46   30.39   30.95   33.69   36.44   39.18   41.93   44.32   46.72   49.11   51.51    53.6   55.58   57.56   59.54   61.52   63.52   65.52    68.1   70.12   72.27   74.42   76.56   78.71   81.42   84.22   87.03   89.83   92.79   95.97   99.15  102.33  104.88  103.72  102.55  101.39  100.22
2021   96.86   92.62   88.38   84.14   79.36   73.25   67.13   61.02   55.09   50.26   45.43    40.6   35.77   33.62   32.54   31.46   30.39   30.95   33.69   36.44   39.18   41.93   44.32   46.72   49.11   51.51    53.6   55.58   57.56   59.54   61.52   63.52   65.52    68.1   70.12   72.27   74.42   76.56   78.71   81.42   84.22   87.03   89.83   92.79   95.97   99.15  102.33  104.88  103.72  102.55  101.39  100.22
2022   96.86   92.62   88.38   84.14   79.36   73.25   67.13   61.02   55.09   50.26   45.43    40.6   35.77   33.62   32.54   31.46   30.39   30.95   33.69   36.44   39.18   41.93   44.32   46.72   49.11   51.51    53.6   55.58   57.56   59.54   61.52   63.52   65.52                                                                                                                                                        
**** Planta:  508 SOGAMOSO     Penal:          -1.
A~NO ......1 ......2 ......3 ......4 ......5 ......6 ......7 ......8 ......9 .....10 .....11 .....12 .....13 .....14 .....15 .....16 .....17 .....18 .....19 .....20 .....21 .....22 .....23 .....24 .....25 .....26 .....27 .....28 .....29 .....30 .....31 .....32 .....33 .....34 .....35 .....36 .....37 .....38 .....39 .....40 .....41 .....42 .....43 .....44 .....45 .....46 .....47 .....48 .....49 .....50 .....51 .....52
2019                                                                                                                                                                                                                                                                            1386 1425.76 1466.74 1507.73 1548.71  1589.7 1648.34 1709.94 1771.53 1833.12  1898.2 1967.92 2037.65 2107.37 2163.63 2139.09 2114.56 2090.02 2065.49
2020 1994.67 1905.34 1816.02 1726.69 1626.08  1497.3 1368.52 1239.74 1114.82 1013.09  911.36  809.63  707.91  662.63  639.94  617.25  594.56  608.79  672.26  735.74  799.21  862.68  911.95  961.22 1010.49 1059.76 1101.41 1140.01  1178.6  1217.2 1256.07 1295.61 1335.16    1386 1425.76 1466.74 1507.73 1548.71  1589.7 1648.34 1709.94 1771.53 1833.12  1898.2 1967.92 2037.65 2107.37 2163.63 2139.09 2114.56 2090.02 2065.49
2021 1994.67 1905.34 1816.02 1726.69 1626.08  1497.3 1368.52 1239.74 1114.82 1013.09  911.36  809.63  707.91  662.63  639.94  617.25  594.56  608.79  672.26  735.74  799.21  862.68  911.95  961.22 1010.49 1059.76 1101.41 1140.01  1178.6  1217.2 1256.07 1295.61 1335.16    1386 1425.76 1466.74 1507.73 1548.71  1589.7 1648.34 1709.94 1771.53 1833.12  1898.2 1967.92 2037.65 2107.37 2163.63 2139.09 2114.56 2090.02 2065.49
2022 1994.67 1905.34 1816.02 1726.69 1626.08  1497.3 1368.52 1239.74 1114.82 1013.09  911.36  809.63  707.91  662.63  639.94  617.25  594.56  608.79  672.26  735.74  799.21  862.68  911.95  961.22 1010.49 1059.76 1101.41 1140.01  1178.6  1217.2 1256.07 1295.61 1335.16                                                                                                                                                        
